-5.875,18.75,63.375,0.0033,-0.0022,-0.0033,0.17,-0.45,-9.86,0.0,0.0,0.0,0.0,0.0,0.0
-6.25,18.0625,63.0,0.0011,0.0,-0.0011,0.17,-0.41,-9.83,0.0,0.0,0.0,0.0,0.0,0.0
-5.875,17.375,61.375,0.0022,0.0011,-0.0011,0.18,-0.43,-9.85,0.0,0.0,0.0,0.0,0.0,0.0
-5.875,17.375,62.5625,0.0022,0.0011,-0.0011,0.19,-0.42,-9.86,0.0,0.0,0.0,0.0,0.0,0.0
-7.0,17.75,63.0,0.0011,0.0011,-0.0033,0.17,-0.44,-9.8,0.0,0.0,0.0,0.0,0.0,0.0
-7.0,17.75,61.75,0.0011,0.0,0.0011,0.18,-0.42,-9.86,0.0,0.0,0.0,0.0,0.0,0.0
-6.5625,18.0625,63.375,0.0,-0.0044,-0.0011,0.17,-0.41,-9.83,0.0,0.0,0.0,0.0,0.0,0.0
-5.0625,18.0625,62.5625,0.0,0.0022,-0.0022,0.16,-0.42,-9.92,0.0,0.0,0.0,0.0,0.0,0.0
-6.25,17.75,63.0625,0.0011,0.0011,-0.0044,0.17,-0.42,-9.84,0.0,0.0,0.0,0.0,0.0,0.0
-6.5625,18.375,62.25,0.0022,0.0033,0.0,0.17,-0.43,-9.88,0.0,0.0,0.0,0.0,0.0,0.0
-5.0625,17.75,61.0625,0.0011,0.0022,0.0022,0.15,-0.43,-9.79,0.0,0.0,0.0,0.0,0.0,0.0
-6.25,18.0625,61.875,0.0022,-0.0011,-0.0011,0.18,-0.43,-9.82,0.0,0.0,0.0,0.0,0.0,0.0
-6.5625,18.375,63.0625,0.0044,0.0022,-0.0033,0.15,-0.41,-9.8,0.0,0.0,0.0,0.0,0.0,0.0
-5.875,17.75,62.6875,0.0022,0.0022,-0.0033,0.2,-0.42,-9.88,0.0,0.0,0.0,0.0,0.0,0.0
-8.0625,17.375,62.25,0.0022,0.0,-0.0033,0.18,-0.43,-9.79,0.0,0.0,0.0,0.0,0.0,0.0
-6.25,17.375,62.25,0.0011,0.0033,-0.0011,0.18,-0.4,-9.8,0.0,0.0,0.0,0.0,0.0,0.0
-6.5625,18.0625,62.25,0.0,0.0011,-0.0011,0.17,-0.42,-9.82,0.0,0.0,0.0,0.0,0.0,0.0
-5.5,18.0625,63.0625,0.0022,0.0,-0.0022,0.14,-0.39,317.88,0.0,0.0,0.0,0.0,0.0,0.0
-6.25,18.0625,63.375,0.0022,0.0011,-0.0022,0.16,-0.45,-9.87,0.0,0.0,0.0,0.0,0.0,0.0
-5.5,17.75,62.25,0.0,-0.0011,0.0,0.19,-0.43,-9.83,0.0,0.0,0.0,0.0,0.0,0.0
-4.75,17.0,62.6875,-0.0022,0.0011,0.0011,0.17,-0.44,-9.84,0.0,0.0,0.0,0.0,0.0,0.0
-4.75,17.75,62.6875,0.0044,0.0022,0.0,0.19,-0.43,-9.91,0.0,0.0,0.0,0.0,0.0,0.0
-5.5,17.75,61.875,0.0033,0.0,0.0022,0.15,-0.41,-9.82,0.0,0.0,0.0,0.0,0.0,0.0
-5.5,18.0625,62.6875,0.0022,0.0011,-0.0022,0.18,-0.41,-9.85,0.0,0.0,0.0,0.0,0.0,0.0
-7.375,17.75,61.875,0.0022,0.0011,-0.0011,0.19,-0.43,-9.81,0.0,0.0,0.0,0.0,0.0,0.0
-5.5,18.75,63.0625,0.0,0.0022,-0.0011,0.19,-0.41,-9.89,0.0,0.0,0.0,0.0,0.0,0.0
-5.0625,18.375,62.6875,0.0011,0.0033,-0.0011,0.17,-0.41,-9.84,0.0,0.0,0.0,0.0,0.0,0.0
-5.0625,18.0625,62.6875,0.0033,0.0,-0.0011,0.17,-0.42,-9.82,0.0,0.0,0.0,0.0,0.0,0.0
-5.0625,18.375,63.0625,0.0033,0.0044,-0.0022,0.17,-0.43,-9.8,0.0,0.0,0.0,0.0,0.0,0.0
-5.0625,17.75,61.875,0.0011,0.0011,-0.0056,0.16,-0.4,-9.9,0.0,0.0,0.0,0.0,0.0,0.0
-6.5625,18.375,63.0625,0.0,0.0022,-0.0011,0.17,-0.43,-9.88,0.0,0.0,0.0,0.0,0.0,0.0
-6.25,18.0625,62.6875,0.0011,0.0011,-0.0022,0.17,-0.42,-9.83,0.0,0.0,0.0,0.0,0.0,0.0
-5.0625,18.375,61.5625,0.0022,0.0033,-0.0011,0.18,-0.43,-9.84,0.0,0.0,0.0,0.0,0.0,0.0
-5.0625,18.375,62.75,0.0,-0.0022,-0.0011,0.16,-0.43,-9.83,0.0,0.0,0.0,0.0,0.0,0.0
-5.5,18.0625,61.875,0.0022,-0.0022,-0.0011,0.17,-0.43,-9.88,0.0,0.0,0.0,0.0,0.0,0.0
-5.0625,19.1875,61.875,0.0011,0.0022,-0.0022,0.16,-0.4,-9.87,0.0,0.0,0.0,0.0,0.0,0.0
-6.5625,18.375,62.25,0.0011,0.0022,-0.0022,0.18,-0.42,-9.84,0.0,0.0,0.0,0.0,0.0,0.0
-6.5625,17.75,62.75,0.0022,0.0011,-0.0022,0.16,-0.41,-9.89,0.0,0.0,0.0,0.0,0.0,0.0
-7.375,17.375,61.5625,0.0022,-0.0011,-0.0044,0.17,-0.43,-9.79,0.0,0.0,0.0,0.0,0.0,0.0
-4.75,17.75,61.5625,-0.0022,0.0011,-0.0011,0.15,-0.41,-9.9,0.0,0.0,0.0,0.0,0.0,0.0
-6.25,18.375,61.5625,0.0011,0.0,-0.0044,0.18,-0.43,-9.84,0.0,0.0,0.0,0.0,0.0,0.0
-6.25,17.75,62.375,0.0022,-0.0011,0.0,0.19,-0.41,-9.8,0.0,0.0,0.0,0.0,0.0,0.0
-5.875,18.75,62.375,0.0022,0.0,-0.0033,0.18,-0.42,-9.79,0.0,0.0,0.0,0.0,0.0,0.0
-6.5625,18.375,62.375,0.0011,0.0,-0.0011,0.17,-0.44,-9.82,0.0,0.0,0.0,0.0,0.0,0.0
-6.25,18.0625,61.5625,0.0033,0.0022,-0.0022,0.15,-0.4,-10.32,0.0,0.0,0.0,0.0,0.0,0.0
-5.0625,17.75,61.5625,0.0022,0.0,-0.0022,0.16,-0.43,-9.84,0.0,0.0,0.0,0.0,0.0,0.0
-6.25,18.375,61.875,0.0033,0.0033,-0.0033,0.19,-0.38,-9.78,0.0,0.0,0.0,0.0,0.0,0.0
-5.5,18.75,62.75,0.0,-0.0011,0.0,0.19,-0.45,-9.84,0.0,0.0,0.0,0.0,0.0,0.0
-6.5625,18.375,63.0625,0.0022,-0.0011,-0.0033,0.14,-0.43,-9.83,0.0,0.0,0.0,0.0,0.0,0.0
-7.0,18.375,60.75,0.0022,0.0011,-0.0011,0.18,-0.42,-9.82,0.0,0.0,0.0,0.0,0.0,0.0
-5.875,18.375,61.5625,0.0,0.0022,-0.0011,0.16,-0.41,-9.83,0.0,0.0,0.0,0.0,0.0,0.0
-6.5625,18.0625,62.375,0.0033,0.0056,-0.0033,0.17,-0.41,-9.81,0.0,0.0,0.0,0.0,0.0,0.0
-5.875,18.0625,62.75,0.0022,0.0,-0.0011,0.17,-0.42,-9.87,0.0,0.0,0.0,0.0,0.0,0.0
-5.0625,18.375,62.75,0.0022,0.0022,-0.0056,0.18,-0.41,-9.86,0.0,0.0,0.0,0.0,0.0,0.0
-6.25,18.5,63.1875,0.0044,0.0033,0.0,0.17,-0.42,-9.84,0.0,0.0,0.0,0.0,0.0,0.0
-5.5,18.75,61.875,0.0044,0.0,-0.0056,0.18,-0.43,317.8,0.0,0.0,0.0,0.0,0.0,0.0
-6.5625,18.0625,61.5625,0.0022,0.0011,-0.0033,0.15,-0.41,-9.82,0.0,0.0,0.0,0.0,0.0,0.0
-5.875,18.375,62.0,0.0011,0.0,-0.0044,0.17,-0.45,-9.84,0.0,0.0,0.0,0.0,0.0,0.0
-5.875,18.75,62.75,0.0022,0.0033,-0.0056,0.17,-0.42,-9.8,0.0,0.0,0.0,0.0,0.0,0.0
-5.5,18.0625,61.5625,0.0011,0.0,-0.0033,0.16,-0.43,-9.81,0.0,0.0,0.0,0.0,0.0,0.0
-7.0,17.75,61.1875,0.0,0.0,-0.0011,0.16,-0.43,-9.81,0.0,0.0,0.0,0.0,0.0,0.0
-6.5625,18.0625,62.75,0.0022,0.0033,-0.0022,0.17,-0.41,-9.83,0.0,0.0,0.0,0.0,0.0,0.0
-6.25,18.375,62.375,0.0022,0.0033,-0.0033,0.16,-0.43,-9.87,0.0,0.0,0.0,0.0,0.0,0.0
-6.25,18.5,61.5625,0.0,0.0,-0.0011,0.18,-0.43,-9.85,0.0,0.0,0.0,0.0,0.0,0.0
-5.875,18.5,62.375,0.0,0.0011,-0.0044,0.17,-0.44,-9.83,0.0,0.0,0.0,0.0,0.0,0.0
-6.5625,17.75,62.375,0.0033,0.0033,-0.0033,0.16,-0.42,-9.82,0.0,0.0,0.0,0.0,0.0,0.0
-4.75,17.75,62.0,0.0033,0.0011,-0.0011,0.17,-0.43,-9.81,0.0,0.0,0.0,0.0,0.0,0.0
-5.0625,18.5,62.0,0.0011,-0.0011,0.0,0.18,-0.45,-9.8,0.0,0.0,0.0,0.0,0.0,0.0
-7.0,18.0625,61.5625,0.0044,0.0022,0.0011,0.17,-0.44,-9.82,0.0,0.0,0.0,0.0,0.0,0.0
-7.0,18.0625,62.0,0.0011,0.0,0.0,0.16,-0.42,-9.82,0.0,0.0,0.0,0.0,0.0,0.0
-5.875,17.75,62.0,-0.0033,0.0011,0.0033,0.17,-0.42,-9.82,0.0,0.0,0.0,0.0,0.0,0.0
-5.5,18.5,61.25,0.0022,0.0,0.0,0.16,-0.43,-9.8,0.0,0.0,0.0,0.0,0.0,0.0
-5.875,18.0625,62.375,0.0022,0.0022,0.0,0.18,-0.39,-9.87,0.0,0.0,0.0,0.0,0.0,0.0
-5.5,18.0625,62.75,0.0,0.0011,0.0,0.16,-0.44,-9.93,0.0,0.0,0.0,0.0,0.0,0.0
-5.5,19.1875,62.375,0.0,-0.0011,-0.0044,0.17,-0.4,-9.8,0.0,0.0,0.0,0.0,0.0,0.0
-5.5,18.5,61.5625,0.0011,0.0056,-0.0011,0.17,-0.42,-9.86,0.0,0.0,0.0,0.0,0.0,0.0
-6.25,18.0625,62.75,-0.0011,-0.0011,-0.0011,0.16,-0.44,-9.78,0.0,0.0,0.0,0.0,0.0,0.0
-4.375,18.75,62.0,0.0033,-0.0011,-0.0011,0.18,-0.42,-9.85,0.0,0.0,0.0,0.0,0.0,0.0
-5.5,18.75,61.5625,0.0056,0.0033,-0.0044,0.17,-0.43,-9.83,0.0,0.0,0.0,0.0,0.0,0.0
-5.0625,18.5,62.375,0.0022,0.0011,-0.0022,0.18,-0.44,-9.82,0.0,0.0,0.0,0.0,0.0,0.0
-6.25,18.5,62.375,0.0022,0.0011,-0.0011,0.17,-0.44,-9.9,0.0,0.0,0.0,0.0,0.0,0.0
-5.875,18.5,62.0625,0.0,0.0022,-0.0011,0.16,-0.43,-9.89,0.0,0.0,0.0,0.0,0.0,0.0
-7.0,17.75,62.375,0.0,0.0022,0.0,0.15,-0.43,-9.88,0.0,0.0,0.0,0.0,0.0,0.0
-5.0625,17.75,62.0,0.0022,0.0011,-0.0044,0.18,-0.43,-9.84,0.0,0.0,0.0,0.0,0.0,0.0
-6.25,18.0625,62.0,0.0,0.0,-0.0011,0.16,-0.43,-9.84,0.0,0.0,0.0,0.0,0.0,0.0
-5.5,18.0625,62.0,0.0011,-0.0011,-0.0033,0.16,-0.44,-9.9,0.0,0.0,0.0,0.0,0.0,0.0
-6.25,18.75,61.5625,0.0011,0.0056,-0.0033,0.17,-0.42,-9.84,0.0,0.0,0.0,0.0,0.0,0.0
-6.25,18.75,62.375,0.0022,0.0011,-0.0011,0.15,-0.43,-9.87,0.0,0.0,0.0,0.0,0.0,0.0
-6.5625,19.1875,62.0625,0.0011,0.0044,0.0022,0.16,-0.43,-9.84,0.0,0.0,0.0,0.0,0.0,0.0
-6.25,17.375,62.375,0.0011,0.0,0.0,0.18,-0.42,-9.82,0.0,0.0,0.0,0.0,0.0,0.0
-6.25,18.0625,62.0,0.0,0.0022,-0.0011,0.16,-0.44,-9.86,0.0,0.0,0.0,0.0,0.0,0.0
-7.375,18.5,62.0,0.0011,0.0033,-0.0033,0.17,-0.44,-9.84,0.0,0.0,0.0,0.0,0.0,0.0
-5.0625,18.0625,61.6875,0.0011,0.0044,-0.0044,0.18,-0.39,-9.75,0.0,0.0,0.0,0.0,0.0,0.0
-6.5625,18.5,62.0625,0.0022,0.0011,-0.0022,0.16,-0.41,-9.8,0.0,0.0,0.0,0.0,0.0,0.0
-6.25,17.75,62.75,0.0033,0.0022,0.0022,0.18,-0.42,-9.75,0.0,0.0,0.0,0.0,0.0,0.0
-6.25,18.5,61.6875,0.0011,0.0022,-0.0011,0.18,-0.43,-9.78,0.0,0.0,0.0,0.0,0.0,0.0
-6.25,18.5,61.25,0.0022,-0.0022,-0.0011,0.16,-0.43,-9.81,0.0,0.0,0.0,0.0,0.0,0.0
-6.5625,18.5,61.25,0.0022,0.0022,-0.0033,0.15,-0.42,-9.86,0.0,0.0,0.0,0.0,0.0,0.0
-6.5625,18.75,61.6875,0.0033,-0.0011,-0.0011,0.17,-0.41,-9.8,0.0,0.0,0.0,0.0,0.0,0.0
-5.875,17.375,62.0625,0.0022,0.0,-0.0011,0.18,-0.38,-9.85,0.0,0.0,0.0,0.0,0.0,0.0
-4.0625,18.5,62.75,0.0011,0.0011,-0.0011,0.18,-0.44,-9.81,0.0,0.0,0.0,0.0,0.0,0.0
-5.5,18.5,62.0625,0.0022,0.0022,-0.0022,0.17,-0.42,-9.81,0.0,0.0,0.0,0.0,0.0,0.0
-6.5625,18.5,61.25,0.0033,0.0,-0.0011,0.15,-0.39,-9.77,0.0,0.0,0.0,0.0,0.0,0.0
-5.5,18.0625,61.6875,-0.0011,0.0,-0.0011,0.18,-0.41,-9.88,0.0,0.0,0.0,0.0,0.0,0.0
-7.75,17.0,61.6875,0.0022,0.0033,-0.0022,0.17,-0.39,-9.86,0.0,0.0,0.0,0.0,0.0,0.0
-6.25,18.75,62.0625,0.0011,0.0033,0.0,0.16,-0.4,-9.82,0.0,0.0,0.0,0.0,0.0,0.0
-6.5625,18.0625,62.375,-0.0022,0.0,-0.0011,0.15,-0.46,-9.84,0.0,0.0,0.0,0.0,0.0,0.0
-5.875,17.75,61.6875,0.0022,0.0022,-0.0022,0.17,-0.43,-9.82,0.0,0.0,0.0,0.0,0.0,0.0
-5.875,18.0625,61.6875,0.0022,0.0,-0.0044,0.14,-0.44,-9.85,0.0,0.0,0.0,0.0,0.0,0.0
-5.875,18.75,63.25,0.0033,0.0033,-0.0011,0.18,-0.44,-9.8,0.0,0.0,0.0,0.0,0.0,0.0
-6.5625,18.0625,61.6875,0.0022,-0.0022,-0.0044,0.16,-0.43,-9.87,0.0,0.0,0.0,0.0,0.0,0.0
-5.875,18.75,60.875,0.0,0.0,-0.0022,0.19,-0.41,-9.85,0.0,0.0,0.0,0.0,0.0,0.0
-5.5,18.5,62.0625,0.0,0.0022,-0.0022,0.15,-0.43,-9.79,0.0,0.0,0.0,0.0,0.0,0.0
-6.25,17.375,62.875,0.0033,0.0022,0.0,0.16,-0.43,-9.79,0.0,0.0,0.0,0.0,0.0,0.0
-4.75,18.0625,61.6875,0.0022,0.0011,0.0011,0.15,-0.44,-9.94,0.0,0.0,0.0,0.0,0.0,0.0
-6.25,18.5,63.25,0.0011,0.0033,-0.0011,0.16,-0.42,-9.83,0.0,0.0,0.0,0.0,0.0,0.0
-6.25,17.75,62.0625,0.0022,-0.0022,-0.0022,0.15,-0.43,-9.81,0.0,0.0,0.0,0.0,0.0,0.0
-4.75,18.5,62.375,0.0,0.0022,-0.0011,0.15,-0.42,-9.79,0.0,0.0,0.0,0.0,0.0,0.0
-7.0,18.0625,62.875,-0.0011,0.0022,-0.0011,0.18,-0.43,-9.89,0.0,0.0,0.0,0.0,0.0,0.0
-5.5,18.0625,62.0625,0.0011,0.0022,-0.0044,0.17,-0.43,-9.84,0.0,0.0,0.0,0.0,0.0,0.0
-7.75,17.75,62.0625,0.0033,0.0,0.0,0.17,-0.41,-9.82,0.0,0.0,0.0,0.0,0.0,0.0
-5.5,18.0625,63.25,0.0,0.0,-0.0033,0.17,-0.43,-9.84,0.0,0.0,0.0,0.0,0.0,0.0
-5.875,18.5,63.25,0.0011,0.0056,-0.0044,0.17,-0.42,-9.81,0.0,0.0,0.0,0.0,0.0,0.0
-5.5,18.75,63.25,0.0,0.0033,-0.0033,0.18,-0.42,-9.84,0.0,0.0,0.0,0.0,0.0,0.0
-5.0625,18.5,62.0625,0.0011,0.0011,-0.0022,0.18,-0.43,-9.8,0.0,0.0,0.0,0.0,0.0,0.0
-6.5625,17.375,62.375,0.0044,-0.0022,-0.0033,0.17,-0.43,-9.78,0.0,0.0,0.0,0.0,0.0,0.0
-4.375,18.5,62.0625,-0.0022,0.0011,0.0,0.17,-0.44,-9.83,0.0,0.0,0.0,0.0,0.0,0.0
-5.0625,18.5,62.0625,0.0033,0.0022,-0.0022,0.16,-0.43,-9.84,0.0,0.0,0.0,0.0,0.0,0.0
-5.5,18.5,62.375,0.0,0.0011,0.0,0.16,-0.42,-9.86,0.0,0.0,0.0,0.0,0.0,0.0
-5.875,17.75,62.0625,0.0,-0.0011,-0.0022,0.16,-0.44,-9.86,0.0,0.0,0.0,0.0,0.0,0.0
-5.875,18.75,62.75,0.0033,0.0022,-0.0011,0.18,-0.41,-9.85,0.0,0.0,0.0,0.0,0.0,0.0
-6.25,18.0625,62.0625,0.0022,0.0033,-0.0011,0.17,-0.45,-9.93,0.0,0.0,0.0,0.0,0.0,0.0
-6.25,17.75,62.0625,0.0022,0.0022,-0.0022,0.17,-0.43,-9.79,0.0,0.0,0.0,0.0,0.0,0.0
-5.875,18.0625,62.0625,-0.0022,0.0022,-0.0011,0.14,-0.41,-9.84,0.0,0.0,0.0,0.0,0.0,0.0
-4.375,18.5,62.375,0.0011,0.0011,-0.0033,0.17,-0.41,-9.76,0.0,0.0,0.0,0.0,0.0,0.0
-5.0625,17.75,62.875,0.0,0.0,0.0033,0.16,-0.41,-9.91,0.0,0.0,0.0,0.0,0.0,0.0
-8.875,16.5625,60.0625,-0.0211,-0.0078,0.0078,0.89,-0.67,-9.63,0.0,0.0,0.0,0.0,0.0,0.0
-32.0625,-2.5625,18.75,-0.06,0.08,0.0189,5.1,1.59,-8.46,0.0,0.0,0.0,0.0,0.0,0.0
-49.875,-23.5,76.0,0.02,-0.0233,0.0033,3.65,0.74,-8.92,0.0,0.0,0.0,0.0,0.0,0.0
-30.1875,-15.5,86.0625,0.0,0.0022,-0.0067,0.39,-0.41,-9.81,0.0,0.0,0.0,0.0,0.0,0.0
-30.375,-23.1875,102.875,0.0022,0.0,0.0,0.16,-0.41,-9.82,0.0,0.0,0.0,0.0,0.0,0.0
-30.375,-25.0625,102.0625,0.0,0.0022,0.0,0.15,-0.42,-9.86,0.0,0.0,0.0,0.0,0.0,0.0
-29.6875,-24.0,101.6875,0.0033,0.0044,-0.0011,0.16,-0.42,-9.83,0.0,0.0,0.0,0.0,0.0,0.0
-29.6875,-24.0,102.0625,0.0022,0.0022,0.0,0.16,-0.42,-9.81,0.0,0.0,0.0,0.0,0.0,0.0
-29.6875,-24.0,101.6875,0.0022,0.0,-0.0056,0.17,-0.44,-9.78,0.0,0.0,0.0,0.0,0.0,0.0
-28.75,-25.5625,101.5625,0.0,0.0022,0.0,0.15,-0.4,-9.83,0.0,0.0,0.0,0.0,0.0,0.0
-40.5625,-26.0,99.25,-0.0044,0.1289,-0.0544,2.1,-0.37,-9.59,0.0,0.0,0.0,0.0,0.0,0.0
-42.875,-18.1875,101.0,0.0078,-0.0533,-0.02,2.19,-0.39,-9.64,0.0,0.0,0.0,0.0,0.0,0.0
-23.0,-16.0625,95.5,0.0044,-0.0678,0.0544,-0.25,-0.21,-9.76,0.0,0.0,0.0,0.0,0.0,0.0
-9.0625,-19.25,89.5625,-0.02,-0.0422,0.0289,-1.86,0.08,-9.58,0.0,0.0,0.0,0.0,0.0,0.0
-0.1875,-21.25,88.5625,0.0056,0.0033,-0.0133,-2.88,0.02,-9.18,0.0,0.0,0.0,0.0,0.0,0.0
-0.0625,-20.5,88.5,0.0,-0.0044,0.01,-2.93,0.12,-9.16,0.0,0.0,0.0,0.0,0.0,0.0
-0.375,-21.5625,90.1875,-0.0111,0.0,0.0289,-2.96,0.12,-9.26,0.0,0.0,0.0,0.0,0.0,0.0
-16.25,-18.375,90.5625,0.0056,0.2533,-0.0744,-0.49,-0.83,-9.85,0.0,0.0,0.0,0.0,0.0,0.0
-18.1875,-15.6875,95.5625,0.0033,0.0011,0.0011,0.15,-0.44,-9.86,0.0,0.0,0.0,0.0,0.0,0.0
-20.375,-16.0625,95.5625,0.0022,0.0011,-0.0033,0.13,-0.42,-9.87,0.0,0.0,0.0,0.0,0.0,0.0
-20.0625,-16.0625,95.5625,0.0,0.0033,-0.0022,0.16,-0.43,-9.93,0.0,0.0,0.0,0.0,0.0,0.0
-19.25,-16.0625,95.5625,0.0033,0.0,0.0011,0.15,-0.44,-9.91,0.0,0.0,0.0,0.0,0.0,0.0
-20.75,-16.0625,94.75,-0.0011,0.0,-0.0022,0.14,-0.45,-9.93,0.0,0.0,0.0,0.0,0.0,0.0
-20.375,-15.0,94.0,-0.0011,-0.0033,-0.0056,0.15,-0.43,-9.88,0.0,0.0,0.0,0.0,0.0,0.0
-20.75,-15.6875,95.1875,0.0,0.0022,-0.0011,0.14,-0.42,-9.92,0.0,0.0,0.0,0.0,0.0,0.0
-21.1875,-16.5,95.875,0.0,0.0,0.0,0.14,-0.42,-9.86,0.0,0.0,0.0,0.0,0.0,0.0
-20.0625,-16.5,95.875,0.0,-0.0022,-0.0078,0.16,-0.43,-9.9,0.0,0.0,0.0,0.0,0.0,0.0
-19.6875,-16.5,95.1875,0.0044,0.0011,-0.0022,0.14,-0.42,-9.89,0.0,0.0,0.0,0.0,0.0,0.0
-20.75,-16.75,94.75,0.0022,0.0011,-0.0022,0.15,-0.41,-9.88,0.0,0.0,0.0,0.0,0.0,0.0
-21.1875,-14.5625,96.75,0.0022,0.0033,-0.0011,0.15,-0.44,-9.88,0.0,0.0,0.0,0.0,0.0,0.0
-20.75,-16.0625,95.5,0.0022,0.0033,-0.0033,0.11,-0.45,-9.89,0.0,0.0,0.0,0.0,0.0,0.0
-19.25,-16.0625,95.875,0.0022,0.0044,-0.0011,0.14,-0.42,-9.9,0.0,0.0,0.0,0.0,0.0,0.0
-20.0625,-16.0625,94.75,0.0022,0.0022,-0.0011,0.13,-0.44,-9.94,0.0,0.0,0.0,0.0,0.0,0.0
-18.875,-15.6875,96.25,0.0011,0.0033,-0.0022,0.14,-0.45,-9.99,0.0,0.0,0.0,0.0,0.0,0.0
-19.6875,-15.6875,94.75,0.0033,0.0,-0.0033,0.13,-0.45,-9.88,0.0,0.0,0.0,0.0,0.0,0.0
-21.1875,-15.6875,96.25,0.0044,0.0011,-0.0011,0.16,-0.45,-9.94,0.0,0.0,0.0,0.0,0.0,0.0
-18.875,-16.0625,95.5625,0.0011,0.0,-0.0011,0.15,-0.42,-9.96,0.0,0.0,0.0,0.0,0.0,0.0
-19.25,-15.25,95.0625,0.0011,-0.0011,0.0,0.13,-0.45,-9.98,0.0,0.0,0.0,0.0,0.0,0.0
-18.875,-15.25,94.75,0.0,0.0022,-0.0022,0.15,-0.44,-9.95,0.0,0.0,0.0,0.0,0.0,0.0
-19.25,-15.25,94.375,0.0,0.0011,-0.0022,0.15,-0.39,-9.94,0.0,0.0,0.0,0.0,0.0,0.0
-18.875,-15.0,94.75,0.0033,0.0022,-0.0011,0.13,-0.43,-9.96,0.0,0.0,0.0,0.0,0.0,0.0
-18.5625,-15.6875,95.5625,0.0,0.0011,-0.0033,0.14,-0.43,-9.93,0.0,0.0,0.0,0.0,0.0,0.0
-18.5625,-15.0,95.5,0.0011,0.0011,0.0,0.15,-0.4,-9.89,0.0,0.0,0.0,0.0,0.0,0.0
-20.75,-15.6875,96.6875,0.0033,0.0,-0.0022,0.15,-0.45,-9.9,0.0,0.0,0.0,0.0,0.0,0.0
-18.875,-14.5625,95.875,-0.0022,0.0056,0.0011,0.14,-0.43,-9.87,0.0,0.0,0.0,0.0,0.0,0.0
-19.25,-15.25,95.0625,0.0,-0.0011,-0.0022,0.13,-0.43,-9.95,0.0,0.0,0.0,0.0,0.0,0.0
-20.75,-15.6875,96.25,0.0011,0.0,-0.0044,0.15,-0.42,-9.92,0.0,0.0,0.0,0.0,0.0,0.0
-20.0625,-14.5625,95.0625,-0.0011,-0.0033,-0.0033,0.17,-0.44,-9.94,0.0,0.0,0.0,0.0,0.0,0.0
-5.5,21.0625,61.25,0.0022,0.0011,0.0033,0.15,-0.4,-9.87,0.0,0.0,0.0,0.0,0.0,0.0
-5.5,19.875,61.5625,0.0011,0.0044,-0.0022,0.14,-0.42,-9.92,0.0,0.0,0.0,0.0,0.0,0.0
-5.875,21.0625,62.0,0.0033,-0.0022,-0.0056,0.15,-0.43,-9.96,0.0,0.0,0.0,0.0,0.0,0.0
-6.25,20.6875,62.0,0.0011,0.0022,-0.0033,0.15,-0.43,-9.89,0.0,0.0,0.0,0.0,0.0,0.0
-4.75,21.375,61.5625,0.0011,-0.0022,-0.0033,0.14,-0.43,-9.89,0.0,0.0,0.0,0.0,0.0,0.0
-5.875,19.875,61.5625,0.0011,0.0011,-0.0033,0.15,-0.43,-9.88,0.0,0.0,0.0,0.0,0.0,0.0
-6.25,20.25,62.0,0.0022,0.0011,0.0,0.15,-0.44,-9.95,0.0,0.0,0.0,0.0,0.0,0.0
-6.25,21.0625,61.1875,0.0011,0.0,-0.0022,0.16,-0.41,-9.88,0.0,0.0,0.0,0.0,0.0,0.0
-5.0625,21.0625,61.5625,0.0044,0.0011,-0.0022,0.14,-0.43,-9.98,0.0,0.0,0.0,0.0,0.0,0.0
-5.875,20.6875,62.75,0.0044,0.0011,-0.0022,0.14,-0.43,-9.88,0.0,0.0,0.0,0.0,0.0,0.0
-4.75,20.25,61.1875,0.0011,0.0011,0.0011,0.12,-0.43,-9.86,0.0,0.0,0.0,0.0,0.0,0.0
-4.75,21.0625,61.5625,0.0022,0.0022,-0.0033,0.15,-0.43,-9.93,0.0,0.0,0.0,0.0,0.0,0.0
-7.0,21.375,61.5625,0.0022,0.0,-0.0033,0.15,-0.44,-9.97,0.0,0.0,0.0,0.0,0.0,0.0
-6.5625,21.375,61.5625,0.0022,0.0033,-0.0022,0.15,-0.43,-9.88,0.0,0.0,0.0,0.0,0.0,0.0
-5.5,21.0625,62.0,0.0,0.0022,-0.0033,0.15,-0.43,-9.88,0.0,0.0,0.0,0.0,0.0,0.0
-4.75,21.0625,62.0,0.0022,0.0022,0.0011,0.17,-0.42,-9.98,0.0,0.0,0.0,0.0,0.0,0.0
-4.75,20.6875,61.25,0.0011,0.0011,0.0,0.14,-0.43,-9.98,0.0,0.0,0.0,0.0,0.0,0.0
-5.875,20.25,61.25,0.0044,-0.0022,-0.0011,0.16,-0.43,-9.9,0.0,0.0,0.0,0.0,0.0,0.0
-5.5,20.25,60.875,0.0022,0.0,0.0,0.14,-0.44,-9.88,0.0,0.0,0.0,0.0,0.0,0.0
-5.875,20.6875,61.5625,0.0022,0.0011,-0.0033,0.13,-0.42,-9.88,0.0,0.0,0.0,0.0,0.0,0.0
-7.0,20.6875,62.375,0.0011,0.0,-0.0011,0.15,-0.43,-9.87,0.0,0.0,0.0,0.0,0.0,0.0
-5.875,20.6875,61.25,0.0,0.0,0.0,0.14,-0.43,-9.91,0.0,0.0,0.0,0.0,0.0,0.0
-4.375,20.6875,61.5625,0.0011,0.0,-0.0022,0.16,-0.43,-9.92,0.0,0.0,0.0,0.0,0.0,0.0
-5.5,21.375,60.75,0.0011,-0.0044,0.0,0.16,-0.43,-9.92,0.0,0.0,0.0,0.0,0.0,0.0
-5.0625,20.6875,62.0,0.0022,0.0022,0.0,0.16,-0.43,-9.88,0.0,0.0,0.0,0.0,0.0,0.0
-6.5625,20.6875,62.0,0.0033,0.0011,-0.0044,0.16,-0.39,-9.92,0.0,0.0,0.0,0.0,0.0,0.0
-5.875,21.0625,61.5625,0.0011,0.0,-0.0033,0.15,-0.43,-9.99,0.0,0.0,0.0,0.0,0.0,0.0
-3.6875,20.6875,61.25,-0.0011,0.0011,-0.0022,0.15,-0.43,-9.88,0.0,0.0,0.0,0.0,0.0,0.0
-5.0625,21.375,62.0,0.0022,0.0011,0.0,0.14,-0.4,-9.85,0.0,0.0,0.0,0.0,0.0,0.0
-5.5,21.75,62.0,-0.0022,0.0011,0.0011,0.14,-0.42,-9.89,0.0,0.0,0.0,0.0,0.0,0.0
-5.0625,20.6875,61.5625,0.0011,-0.0033,-0.0044,0.15,-0.43,-9.87,0.0,0.0,0.0,0.0,0.0,0.0
-5.5,21.0625,61.5625,0.0022,0.0011,0.0,0.15,-0.43,-9.91,0.0,0.0,0.0,0.0,0.0,0.0
-5.5,20.6875,61.5625,-0.0011,0.0022,0.0011,0.15,-0.41,-9.89,0.0,0.0,0.0,0.0,0.0,0.0
-5.5,21.75,62.0,0.0011,0.0022,-0.0033,0.16,-0.43,-9.87,0.0,0.0,0.0,0.0,0.0,0.0
-5.5,21.0625,62.375,0.0022,-0.0022,-0.0022,0.14,-0.44,-9.92,0.0,0.0,0.0,0.0,0.0,0.0
-5.5,20.25,62.375,0.0022,0.0022,0.0011,0.14,-0.42,-9.9,0.0,0.0,0.0,0.0,0.0,0.0
-5.0625,21.0625,62.375,0.0,0.0,-0.0022,0.13,-0.41,-9.88,0.0,0.0,0.0,0.0,0.0,0.0
-6.25,20.25,62.0,0.0011,0.0033,-0.0044,0.14,-0.46,-9.92,0.0,0.0,0.0,0.0,0.0,0.0
-5.875,20.6875,61.5625,0.0011,0.0011,-0.0022,0.15,-0.41,-9.88,0.0,0.0,0.0,0.0,0.0,0.0
-4.75,20.25,61.875,0.0033,0.0022,-0.0033,0.17,-0.42,-9.9,0.0,0.0,0.0,0.0,0.0,0.0
-7.0,21.0625,61.5625,0.0,-0.0011,-0.0011,0.15,-0.41,-9.89,0.0,0.0,0.0,0.0,0.0,0.0
-6.25,21.0625,61.875,0.0022,0.0022,-0.0011,0.14,-0.43,-9.89,0.0,0.0,0.0,0.0,0.0,0.0
-4.375,20.6875,60.75,0.0011,-0.0011,-0.0011,0.15,-0.42,-9.88,0.0,0.0,0.0,0.0,0.0,0.0
-7.0,21.375,61.5625,0.0022,0.0011,-0.0011,0.14,-0.41,-9.94,0.0,0.0,0.0,0.0,0.0,0.0
-6.25,20.6875,61.25,0.0011,0.0022,-0.0044,0.14,-0.4,-9.89,0.0,0.0,0.0,0.0,0.0,0.0
-5.0625,20.6875,62.375,0.0022,0.0,-0.0022,0.14,-0.42,-9.89,0.0,0.0,0.0,0.0,0.0,0.0
-5.0625,20.25,61.5625,0.0011,-0.0022,-0.0022,0.14,-0.44,-9.95,0.0,0.0,0.0,0.0,0.0,0.0
-6.25,21.75,59.25,0.0022,-0.0022,0.0,0.15,-0.43,-9.94,0.0,0.0,0.0,0.0,0.0,0.0
-5.875,20.25,61.875,0.0011,0.0011,-0.0033,0.15,-0.44,-9.96,0.0,0.0,0.0,0.0,0.0,0.0
-4.75,21.0625,62.375,0.0033,0.0044,-0.0011,0.15,-0.41,-9.9,0.0,0.0,0.0,0.0,0.0,0.0
-5.0625,21.0625,62.375,0.0,0.0022,-0.0022,0.14,-0.45,-9.96,0.0,0.0,0.0,0.0,0.0,0.0
-5.0625,20.6875,61.875,0.0022,0.0033,-0.0022,0.15,-0.4,-9.88,0.0,0.0,0.0,0.0,0.0,0.0
-5.5,21.375,61.5625,0.0,-0.0011,0.0011,0.13,-0.41,-9.87,0.0,0.0,0.0,0.0,0.0,0.0
-4.75,21.0625,61.0625,0.0022,0.0022,-0.0033,0.16,-0.42,-9.96,0.0,0.0,0.0,0.0,0.0,0.0
-4.75,19.875,61.1875,0.0,0.0033,-0.0044,0.15,-0.45,-9.88,0.0,0.0,0.0,0.0,0.0,0.0
-5.5,20.25,61.5625,0.0,-0.0044,-0.0022,0.16,-0.44,-9.95,0.0,0.0,0.0,0.0,0.0,0.0
-3.6875,19.875,61.5625,0.0022,0.0022,-0.0033,0.17,-0.4,-9.91,0.0,0.0,0.0,0.0,0.0,0.0
-5.0625,21.0625,62.375,0.0033,0.0011,-0.0033,0.14,-0.43,-9.87,0.0,0.0,0.0,0.0,0.0,0.0
-4.375,21.375,61.875,0.0011,0.0,-0.0011,0.16,-0.41,-9.89,0.0,0.0,0.0,0.0,0.0,0.0
-6.25,20.6875,61.1875,-0.0011,0.0033,0.0,0.15,-0.41,-9.88,0.0,0.0,0.0,0.0,0.0,0.0
-5.875,19.875,61.5625,-0.0011,0.0,0.0,0.16,-0.43,-9.9,0.0,0.0,0.0,0.0,0.0,0.0
-6.25,21.375,62.75,0.0,0.0011,-0.0033,0.14,-0.42,-9.9,0.0,0.0,0.0,0.0,0.0,0.0
-7.0,20.6875,62.6875,0.0011,0.0011,-0.0022,0.13,-0.43,-9.88,0.0,0.0,0.0,0.0,0.0,0.0
-4.75,21.0625,62.6875,0.0033,0.0022,-0.0011,0.15,-0.4,-9.88,0.0,0.0,0.0,0.0,0.0,0.0
-4.75,20.25,61.5625,0.0,0.0033,0.0011,0.16,-0.42,-9.89,0.0,0.0,0.0,0.0,0.0,0.0
-5.5,20.25,61.5625,-0.0011,0.0022,-0.0022,0.14,-0.44,-9.9,0.0,0.0,0.0,0.0,0.0,0.0
-4.375,19.875,61.875,-0.0011,-0.0011,-0.0022,0.14,-0.44,-9.91,0.0,0.0,0.0,0.0,0.0,0.0
-5.875,21.375,61.875,0.0011,0.0044,-0.0033,0.13,-0.42,-9.92,0.0,0.0,0.0,0.0,0.0,0.0
-6.25,21.375,61.875,0.0,-0.0022,-0.0011,0.15,-0.41,-9.89,0.0,0.0,0.0,0.0,0.0,0.0
-6.5625,20.6875,61.875,0.0022,0.0033,-0.0022,0.15,-0.45,-9.93,0.0,0.0,0.0,0.0,0.0,0.0
-5.0625,21.0625,61.875,0.0022,0.0033,-0.0011,0.16,-0.43,-9.89,0.0,0.0,0.0,0.0,0.0,0.0
-5.0625,21.0625,60.75,0.0033,0.0,-0.0044,0.14,-0.45,-9.94,0.0,0.0,0.0,0.0,0.0,0.0
-5.875,21.0625,61.1875,0.0033,0.0022,0.0,0.13,-0.41,-9.87,0.0,0.0,0.0,0.0,0.0,0.0
-4.75,20.6875,61.1875,0.0022,0.0022,-0.0033,0.16,-0.44,-9.9,0.0,0.0,0.0,0.0,0.0,0.0
-5.0625,20.25,61.875,0.0022,-0.0011,-0.0022,0.15,-0.43,-9.9,0.0,0.0,0.0,0.0,0.0,0.0
-5.5,20.6875,61.1875,0.0011,0.0011,-0.0044,0.14,-0.45,-9.9,0.0,0.0,0.0,0.0,0.0,0.0
-4.75,19.875,61.875,0.0033,0.0022,-0.0011,0.13,-0.45,-9.91,0.0,0.0,0.0,0.0,0.0,0.0
-4.375,21.0625,61.5625,-0.0011,0.0033,-0.0044,0.15,-0.42,-9.88,0.0,0.0,0.0,0.0,0.0,0.0
-5.0625,20.6875,61.1875,0.0011,0.0011,0.0,0.14,-0.42,-9.98,0.0,0.0,0.0,0.0,0.0,0.0
-4.375,20.6875,61.1875,0.0022,-0.0044,-0.0022,0.16,-0.42,-9.94,0.0,0.0,0.0,0.0,0.0,0.0
-5.5,20.6875,61.5625,0.0044,0.0011,0.0,0.16,-0.42,-9.91,0.0,0.0,0.0,0.0,0.0,0.0
-4.75,20.6875,61.875,0.0,0.0,-0.0022,0.14,-0.42,-9.91,0.0,0.0,0.0,0.0,0.0,0.0
-5.0625,20.6875,61.5625,0.0011,0.0022,-0.0044,0.14,-0.44,-9.88,0.0,0.0,0.0,0.0,0.0,0.0
-5.5,20.6875,61.1875,0.0033,0.0011,-0.0022,0.14,-0.44,-9.86,0.0,0.0,0.0,0.0,0.0,0.0
-4.75,21.375,61.875,0.0,0.0,-0.0022,0.13,-0.44,-9.88,0.0,0.0,0.0,0.0,0.0,0.0
-5.875,21.0625,62.6875,-0.0011,-0.0011,-0.0033,0.15,-0.43,-9.96,0.0,0.0,0.0,0.0,0.0,0.0
-4.75,20.25,61.1875,0.0,0.0011,0.0,0.14,-0.43,-9.9,0.0,0.0,0.0,0.0,0.0,0.0
-5.5,21.0625,62.75,0.0011,0.0011,0.0,0.14,-0.42,-9.88,0.0,0.0,0.0,0.0,0.0,0.0
-5.0625,20.25,60.75,0.0,0.0044,-0.0033,0.14,-0.44,-9.92,0.0,0.0,0.0,0.0,0.0,0.0
-5.875,21.375,61.875,0.0022,0.0,-0.0044,0.14,-0.43,-9.98,0.0,0.0,0.0,0.0,0.0,0.0
-6.25,20.6875,61.1875,0.0022,0.0022,-0.0022,0.14,-0.43,-9.88,0.0,0.0,0.0,0.0,0.0,0.0
-5.5,21.0625,61.875,0.0033,0.0033,-0.0011,0.15,-0.44,-9.88,0.0,0.0,0.0,0.0,0.0,0.0
-6.25,20.6875,62.0,0.0011,0.0,-0.0022,0.17,-0.44,-9.96,0.0,0.0,0.0,0.0,0.0,0.0
-6.5625,20.25,62.375,0.0022,0.0033,-0.0033,0.14,-0.43,-9.89,0.0,0.0,0.0,0.0,0.0,0.0
-5.0625,19.875,62.375,0.0011,0.0033,-0.0033,0.15,-0.43,-9.96,0.0,0.0,0.0,0.0,0.0,0.0
-4.75,20.25,62.375,0.0022,0.0022,-0.0033,0.13,-0.43,-9.88,0.0,0.0,0.0,0.0,0.0,0.0
-5.5,20.25,60.75,0.0,0.0011,-0.0033,0.15,-0.44,-9.88,0.0,0.0,0.0,0.0,0.0,0.0
-4.375,21.75,61.5625,0.0,0.0,-0.0033,0.14,-0.4,-9.84,0.0,0.0,0.0,0.0,0.0,0.0
-4.75,19.875,61.5625,0.0011,0.0033,-0.0056,0.15,-0.43,-9.9,0.0,0.0,0.0,0.0,0.0,0.0
-5.0625,20.6875,62.0,0.0,0.0022,-0.0022,0.15,-0.44,-9.91,0.0,0.0,0.0,0.0,0.0,0.0
-5.875,20.6875,60.75,-0.0011,0.0022,0.0,0.14,-0.43,-9.87,0.0,0.0,0.0,0.0,0.0,0.0
-5.0625,21.0625,61.5625,0.0022,0.0033,-0.0022,0.15,-0.42,-9.86,0.0,0.0,0.0,0.0,0.0,0.0
-4.75,20.6875,61.1875,0.0011,0.0011,-0.0056,0.15,-0.43,-9.88,0.0,-2560000.0,-10000.0,0.0,0.0,0.0
-4.75,20.6875,61.5625,0.0022,0.0022,-0.0033,0.14,-0.44,-9.97,0.0,0.0,0.0,0.0,0.0,0.0
-4.75,20.6875,62.375,0.0033,0.0022,-0.0044,0.16,-0.43,-9.87,0.0,0.0,0.0,0.0,0.0,0.0
-5.875,20.6875,61.25,0.0033,0.0011,-0.0022,0.14,-0.44,-9.95,0.0,0.0,0.0,0.0,0.0,0.0
-5.5,21.0625,62.0,0.0044,-0.0033,-0.0011,0.15,-0.42,-9.91,0.0,0.0,0.0,0.0,0.0,0.0
-5.5,20.6875,62.0,0.0033,0.0022,-0.0033,0.16,-0.43,-9.89,0.0,0.0,0.0,0.0,0.0,0.0
-6.25,21.375,61.5625,0.0022,0.0,-0.0011,0.15,-0.41,-9.88,0.0,0.0,0.0,0.0,0.0,0.0
-4.375,21.0625,61.5625,0.0033,0.0011,0.0022,0.14,-0.41,-9.86,0.0,0.0,0.0,0.0,0.0,0.0
-5.0625,20.6875,61.5625,0.0011,0.0022,0.0,0.13,-0.44,-9.85,0.0,0.0,0.0,0.0,0.0,0.0
-4.75,20.6875,61.5625,0.0011,0.0011,-0.0033,0.16,-0.44,-9.97,0.0,0.0,0.0,0.0,0.0,0.0
-6.25,20.6875,60.75,0.0044,0.0,-0.0011,0.15,-0.43,-9.97,0.0,0.0,0.0,0.0,0.0,0.0
-5.0625,21.0625,61.25,0.0011,0.0011,-0.0011,0.15,-0.43,-9.98,0.0,0.0,0.0,0.0,0.0,0.0
-4.75,20.6875,62.375,0.0033,0.0011,-0.0011,0.13,-0.42,-9.9,0.0,0.0,0.0,0.0,0.0,0.0
-5.5,21.375,62.0,0.0033,0.0011,0.0,0.16,-0.4,-9.88,0.0,0.0,0.0,0.0,0.0,0.0
-5.5,21.375,60.875,0.0022,0.0033,0.0,0.13,-0.43,-9.9,0.0,0.0,0.0,0.0,0.0,0.0
-6.5625,21.375,60.875,0.0,-0.0011,-0.0044,0.15,-0.42,-9.87,0.0,0.0,0.0,0.0,0.0,0.0
-5.5,20.25,62.0,0.0033,0.0,-0.0022,0.14,-0.41,-9.98,0.0,0.0,0.0,0.0,0.0,0.0
-4.75,20.6875,62.0,0.0022,0.0,-0.0022,0.13,-0.42,-9.89,0.0,0.0,0.0,0.0,0.0,0.0
-5.0625,20.25,60.875,-0.0022,0.0,0.0011,0.16,-0.44,-9.9,0.0,0.0,0.0,0.0,0.0,0.0
-5.5,21.75,62.375,0.0011,0.0,0.0022,0.16,-0.43,-9.89,0.0,0.0,0.0,0.0,0.0,0.0
-6.25,21.375,62.0,0.0022,0.0,-0.0056,0.14,-0.45,-9.89,0.0,0.0,0.0,0.0,0.0,0.0
-5.5,21.0625,61.5625,0.0,0.0,-0.0022,0.14,-0.41,-9.88,0.0,0.0,0.0,0.0,0.0,0.0
-5.5,21.0625,62.0,0.0,0.0022,-0.0011,0.16,-0.41,-9.9,0.0,0.0,0.0,0.0,0.0,0.0
-5.875,20.6875,61.25,0.0011,0.0,-0.0044,0.15,-0.41,-9.93,0.0,0.0,0.0,0.0,0.0,0.0
-6.25,20.6875,60.375,0.0033,0.0022,-0.0056,0.18,-0.43,-10.02,0.0,0.0,0.0,0.0,0.0,0.0
-4.375,20.6875,60.375,0.0033,0.0022,-0.0044,0.14,-0.42,-9.89,0.0,0.0,0.0,0.0,0.0,0.0
-5.5,21.375,60.875,0.0011,0.0,-0.0022,0.16,-0.41,-9.92,0.0,0.0,0.0,0.0,0.0,0.0
-6.25,21.375,61.25,0.0011,0.0022,0.0,0.15,-0.42,-9.9,0.0,0.0,0.0,0.0,0.0,0.0
-5.5,21.375,60.875,0.0011,-0.0011,0.0,0.13,-0.45,-9.95,0.0,0.0,0.0,0.0,0.0,0.0
-5.5,21.375,61.25,-0.0011,0.0011,-0.0022,0.13,-0.43,-9.91,0.0,0.0,0.0,0.0,0.0,0.0
-5.5,21.375,61.6875,0.0011,0.0033,0.0,0.14,-0.45,-9.92,0.0,0.0,0.0,0.0,0.0,0.0
-5.0625,20.6875,61.25,0.0011,-0.0011,-0.0044,0.15,-0.41,-9.88,0.0,0.0,0.0,0.0,0.0,0.0
-4.75,21.375,62.375,0.0044,0.0,0.0,0.16,-0.43,-9.88,0.0,0.0,0.0,0.0,0.0,0.0
-5.0625,21.375,61.25,0.0022,0.0011,-0.0022,0.16,-0.43,-9.88,0.0,0.0,0.0,0.0,0.0,0.0
-5.875,20.6875,62.375,0.0022,-0.0033,0.0,0.14,-0.43,-9.91,0.0,0.0,0.0,0.0,0.0,0.0
-5.875,20.6875,61.5625,0.0,0.0011,-0.0033,0.16,-0.41,-9.93,0.0,0.0,0.0,0.0,0.0,0.0
-5.5,21.0625,60.875,0.0011,0.0022,-0.0011,0.14,-0.01,-0.01,0.0,0.0,0.0,0.0,0.0,0.0
-5.5,21.75,62.75,-0.0011,0.0,0.0011,0.15,-0.45,-9.98,0.0,0.0,0.0,0.0,0.0,0.0
-3.6875,22.1875,60.875,0.0022,0.0,-0.0056,0.15,-0.42,-9.95,0.0,0.0,0.0,0.0,0.0,0.0
-4.75,20.25,62.0625,-0.0011,0.0033,-0.0033,0.13,-0.42,-9.93,0.0,0.0,0.0,0.0,0.0,0.0
-7.0,21.375,61.25,0.0033,0.0,-0.0033,0.15,-0.43,-9.94,0.0,0.0,0.0,0.0,0.0,0.0
-7.0,21.0625,60.5,0.0011,0.0011,0.0,0.15,-0.44,-9.94,0.0,0.0,0.0,0.0,0.0,0.0
-5.5,21.0625,62.75,0.0022,-0.0011,-0.0022,0.14,-0.44,-9.9,0.0,0.0,0.0,0.0,0.0,0.0
-5.875,20.6875,61.25,0.0011,0.0,-0.0011,0.14,-0.43,-9.93,0.0,0.0,0.0,0.0,0.0,0.0
-5.5,21.0625,61.25,0.0011,0.0022,-0.0033,0.14,-0.43,-9.86,0.0,0.0,0.0,0.0,0.0,0.0
-5.0625,21.375,61.6875,0.0,0.0022,-0.0044,0.14,-0.44,-9.88,0.0,0.0,0.0,0.0,0.0,0.0
-5.875,21.0625,61.6875,0.0033,0.0022,-0.0022,0.15,-0.43,-9.9,0.0,0.0,0.0,0.0,0.0,0.0
-5.875,21.375,60.875,0.0,0.0022,-0.0033,0.16,-0.43,-9.91,0.0,0.0,0.0,0.0,0.0,0.0
-5.0625,21.0625,61.6875,0.0033,0.0011,-0.0033,0.15,-0.44,-9.95,0.0,0.0,0.0,0.0,0.0,0.0
-6.25,21.75,62.875,0.0,0.0,-0.0033,0.14,-0.41,-9.9,0.0,0.0,0.0,0.0,0.0,0.0
-4.375,20.25,61.25,0.0033,0.0,-0.0033,0.16,-0.44,-9.94,0.0,0.0,0.0,0.0,0.0,0.0
-6.5625,20.6875,61.25,0.0,0.0,-0.0022,0.16,-0.43,-9.9,0.0,0.0,0.0,0.0,0.0,0.0
-5.875,20.6875,61.25,-0.0011,0.0,0.0033,0.15,-0.44,-9.99,0.0,0.0,0.0,0.0,0.0,0.0
-4.375,19.875,61.25,0.0011,0.0011,-0.0022,0.14,-0.43,-9.88,0.0,0.0,0.0,0.0,0.0,0.0
-4.375,21.375,62.0625,-0.0011,-0.0011,-0.0011,0.13,-0.43,-9.92,0.0,0.0,0.0,0.0,0.0,0.0
-5.5,20.25,62.0625,-0.0011,0.0,-0.0022,0.17,-0.45,-9.98,0.0,0.0,0.0,0.0,0.0,0.0
-5.5,20.6875,62.0625,0.0011,-0.0011,0.0,0.13,-0.43,-9.88,0.0,0.0,0.0,0.0,0.0,0.0
-6.25,22.1875,60.875,0.0022,0.0011,0.0,0.14,-0.44,-9.98,0.0,0.0,0.0,0.0,0.0,0.0
-4.75,20.25,61.25,0.0,0.0011,-0.0044,0.15,-0.41,-9.91,0.0,0.0,0.0,0.0,0.0,0.0
-5.875,21.0625,60.5625,0.0,0.0022,-0.0011,0.13,-0.44,-9.88,0.0,0.0,0.0,0.0,0.0,0.0
-5.5,21.0625,62.0625,0.0022,0.0033,-0.0022,0.15,-0.41,-9.93,0.0,0.0,0.0,0.0,0.0,0.0
-5.5,21.0625,61.25,0.0011,0.0011,-0.0033,0.16,-0.43,-9.88,0.0,0.0,0.0,0.0,0.0,0.0
-5.875,21.0625,62.5,0.0022,-0.0011,-0.0033,0.14,-0.45,-9.88,0.0,0.0,0.0,0.0,0.0,0.0
-5.5,21.0625,62.0625,0.0033,0.0,-0.0033,0.13,-0.45,-9.95,0.0,0.0,0.0,0.0,0.0,0.0
-5.0625,21.0625,61.75,0.0033,0.0,0.0033,0.14,-0.44,-9.97,0.0,0.0,0.0,0.0,0.0,0.0
-5.5,21.0625,61.6875,0.0044,0.0022,-0.0033,0.14,-0.43,-9.9,0.0,0.0,0.0,0.0,0.0,0.0
-5.875,21.0625,62.5,0.0,0.0,0.0011,0.12,-0.4,-9.89,0.0,0.0,0.0,0.0,0.0,0.0
-7.75,20.6875,62.0625,0.0,0.0033,-0.0044,0.15,-0.41,-9.9,0.0,0.0,0.0,0.0,0.0,0.0
-5.875,20.25,61.25,0.0033,0.0011,-0.0022,0.14,-0.44,-9.94,0.0,0.0,0.0,0.0,0.0,0.0
-5.0625,20.6875,61.25,0.0,0.0011,-0.0022,0.14,-0.42,-9.87,0.0,0.0,0.0,0.0,0.0,0.0
-5.875,20.6875,61.25,-0.0011,-0.0022,0.0,0.17,-0.41,-9.87,0.0,0.0,0.0,0.0,0.0,0.0
-5.0625,21.0625,60.875,0.0011,0.0022,0.0,0.15,-0.43,-9.93,0.0,0.0,0.0,0.0,0.0,0.0
-5.0625,20.25,62.0625,0.0011,-0.0011,-0.0022,0.12,-0.41,-9.9,0.0,0.0,0.0,0.0,0.0,0.0
-5.0625,20.25,60.875,0.0011,0.0,0.0,0.16,-0.45,-9.97,0.0,0.0,0.0,0.0,0.0,0.0
-5.875,19.875,61.25,0.0044,0.0022,-0.0033,0.12,-0.41,-9.94,0.0,0.0,0.0,0.0,0.0,0.0
-5.0625,21.0625,61.75,0.0011,0.0033,-0.0011,0.16,-0.41,-9.92,0.0,0.0,0.0,0.0,0.0,0.0
-5.875,21.0625,61.375,0.0022,0.0011,-0.0011,0.16,-0.41,-9.92,0.0,0.0,0.0,0.0,0.0,0.0
-4.75,21.0625,61.375,0.0011,0.0022,-0.0022,0.15,-0.43,-10.03,0.0,0.0,0.0,0.0,0.0,0.0
-5.0625,21.0625,62.5625,0.0022,0.0033,-0.0033,0.15,-0.45,-9.93,0.0,0.0,0.0,0.0,0.0,0.0
-5.5,21.375,61.375,0.0022,0.0022,-0.0033,0.15,-0.42,-9.98,0.0,0.0,0.0,0.0,0.0,0.0
-5.5,21.0625,61.375,0.0,-0.0022,-0.0022,0.16,-0.44,-9.98,0.0,0.0,0.0,0.0,0.0,0.0
-4.75,21.375,61.0,0.0011,0.0033,-0.0022,0.15,-0.44,-9.89,0.0,0.0,0.0,0.0,0.0,0.0
-5.5,20.6875,61.75,0.0011,0.0033,0.0,0.15,-0.42,-9.97,0.0,0.0,0.0,0.0,0.0,0.0
-5.875,21.75,60.5625,0.0011,-0.0022,-0.0033,0.14,-0.43,-9.87,0.0,0.0,0.0,0.0,0.0,0.0
-5.0625,21.0625,61.75,0.0056,0.0011,-0.0022,0.15,-0.43,-9.96,0.0,0.0,0.0,0.0,0.0,0.0
-5.5,20.6875,62.0625,0.0022,0.0033,-0.0022,0.15,-0.44,-9.96,0.0,0.0,0.0,0.0,0.0,0.0
-4.75,21.375,61.375,0.0,0.0022,-0.0044,0.14,-0.43,-9.91,0.0,0.0,0.0,0.0,0.0,0.0
-5.0625,20.6875,62.1875,0.0,0.0022,-0.0022,0.14,-0.45,-9.94,0.0,0.0,0.0,0.0,0.0,0.0
-3.25,21.375,61.0,0.0,-0.0011,-0.0011,0.15,-0.41,-9.89,0.0,0.0,0.0,0.0,0.0,0.0
-5.5,20.25,62.5625,0.0022,-0.0011,-0.0033,0.15,-0.43,-9.97,0.0,0.0,0.0,0.0,0.0,0.0
-4.375,21.0625,61.375,0.0011,0.0033,-0.0022,0.14,-0.45,-9.91,0.0,0.0,0.0,0.0,0.0,0.0
-4.75,21.0625,62.1875,0.0044,0.0,-0.0033,0.14,-0.43,-9.88,0.0,0.0,0.0,0.0,0.0,0.0
-5.875,21.0625,61.375,0.0022,0.0033,-0.0022,0.15,-0.43,-9.95,0.0,0.0,0.0,0.0,0.0,0.0
-7.0,20.6875,61.375,0.0033,-0.0011,-0.0056,0.14,-0.41,-9.85,0.0,0.0,0.0,0.0,0.0,0.0
-5.0625,20.25,60.5625,0.0011,0.0056,0.0011,0.14,-0.42,-9.88,0.0,0.0,0.0,0.0,0.0,0.0
-5.0625,21.0625,61.375,0.0022,0.0,0.0011,0.14,-0.43,-9.91,0.0,0.0,0.0,0.0,0.0,0.0
-4.75,21.0625,61.375,0.0,0.0011,-0.0033,0.13,-0.42,-9.93,0.0,0.0,0.0,0.0,0.0,0.0
-5.875,20.6875,61.0,0.0011,-0.0011,0.0011,0.15,-0.43,-9.91,0.0,0.0,0.0,0.0,0.0,0.0
-5.5,21.0625,62.5625,0.0011,0.0022,-0.0022,0.14,-0.44,-9.94,0.0,0.0,0.0,0.0,0.0,0.0
-5.875,21.75,62.1875,0.0011,0.0022,-0.0044,0.13,-0.42,-9.95,0.0,0.0,0.0,0.0,0.0,0.0
-5.0625,21.375,61.75,0.0011,-0.0022,-0.0011,0.15,-0.42,-9.99,0.0,0.0,0.0,0.0,0.0,0.0
-6.25,21.375,62.1875,0.0011,0.0,-0.0044,0.13,-0.41,-10.02,0.0,0.0,0.0,0.0,0.0,0.0
-5.875,21.0625,61.0,0.0,0.0022,0.0011,0.15,-0.45,-9.94,0.0,0.0,0.0,0.0,0.0,0.0
-4.375,21.0625,61.375,0.0,0.0022,-0.0011,0.13,-0.43,-9.95,0.0,0.0,0.0,0.0,0.0,0.0
-5.875,21.0625,62.1875,0.0044,0.0,-0.0033,0.13,-0.42,-9.92,0.0,0.0,0.0,0.0,0.0,0.0
-5.0625,20.6875,62.1875,0.0,-0.0022,-0.0022,0.13,-0.42,-9.9,0.0,0.0,0.0,0.0,0.0,0.0
-6.25,21.375,61.375,0.0,-0.0011,-0.0011,0.13,-0.4,-9.91,0.0,0.0,0.0,0.0,0.0,0.0
-5.0625,19.875,62.1875,0.0011,0.0033,-0.0011,0.16,-0.42,-9.9,0.0,0.0,0.0,0.0,0.0,0.0
-6.25,20.6875,62.1875,0.0044,0.0022,-0.0044,0.13,-0.44,-9.9,0.0,0.0,0.0,0.0,0.0,0.0
-5.0625,21.0625,61.0,0.0033,0.0022,-0.0033,0.15,-0.43,-9.89,0.0,0.0,0.0,0.0,0.0,0.0
-5.5,21.0625,62.5625,0.0011,-0.0011,0.0,0.14,-0.42,-9.92,0.0,0.0,0.0,0.0,0.0,0.0
-5.0625,21.0625,60.25,0.0022,0.0022,-0.0033,0.14,-0.42,-9.9,0.0,0.0,0.0,0.0,0.0,0.0
-5.0625,21.0625,61.75,0.0011,0.0011,-0.0011,0.14,-0.43,-9.91,0.0,0.0,0.0,0.0,0.0,0.0
-6.25,21.375,62.1875,0.0022,-0.0011,-0.0022,0.15,-0.41,-9.93,0.0,0.0,0.0,0.0,0.0,0.0
-4.75,21.375,61.375,0.0022,0.0033,-0.0022,0.14,-0.42,317.8,0.0,0.0,0.0,0.0,0.0,0.0
-5.875,20.6875,61.0,0.0011,-0.0011,0.0,0.15,-0.45,-9.98,0.0,0.0,0.0,0.0,0.0,0.0
-5.0625,21.0625,61.375,0.0022,0.0011,-0.0011,0.14,-0.42,-9.96,0.0,0.0,0.0,0.0,0.0,0.0
-5.0625,20.25,61.375,-0.0011,0.0033,-0.0022,0.12,-0.44,-9.88,0.0,0.0,0.0,0.0,0.0,0.0
-5.875,21.0625,62.5625,0.0011,0.0011,-0.0011,0.13,-0.42,-9.9,0.0,0.0,0.0,0.0,0.0,0.0
-5.0625,21.0625,61.375,-0.0011,-0.0011,-0.0022,0.15,-0.43,-9.94,0.0,0.0,0.0,0.0,0.0,0.0
-5.0625,20.6875,61.75,0.0044,-0.0011,-0.0033,0.12,-0.43,-9.92,0.0,0.0,0.0,0.0,0.0,0.0
-5.0625,21.0625,61.0,0.0,0.0,-0.0022,0.14,-0.42,-9.93,0.0,0.0,0.0,0.0,0.0,0.0
-6.25,21.0625,61.375,0.0,-0.0011,-0.0044,0.15,-0.45,-9.89,0.0,0.0,0.0,0.0,0.0,0.0
-5.875,21.0625,61.75,0.0033,-0.0022,0.0,0.14,-0.44,-9.88,0.0,0.0,0.0,0.0,0.0,0.0
-6.5625,21.0625,61.75,0.0033,0.0033,-0.0044,0.15,-0.43,-9.98,0.0,0.0,0.0,0.0,0.0,0.0
-5.875,21.375,61.0625,0.0044,0.0022,-0.0044,0.14,-0.42,-9.96,0.0,0.0,0.0,0.0,0.0,0.0
-5.875,20.6875,62.25,0.0,0.0,0.0,0.17,-0.41,-9.89,0.0,0.0,0.0,0.0,0.0,0.0
-5.875,21.0625,61.75,0.0,0.0011,-0.0022,0.14,-0.41,-9.95,0.0,0.0,0.0,0.0,0.0,0.0
-5.5,21.0625,62.1875,0.0022,0.0044,-0.0044,0.15,-0.43,-9.89,0.0,0.0,0.0,0.0,0.0,0.0
-7.0,21.0625,61.75,0.0022,0.0011,-0.0022,0.15,-0.4,-9.98,0.0,0.0,0.0,0.0,0.0,0.0
-5.5,21.0625,61.375,0.0033,0.0022,-0.0022,0.15,-0.44,-9.98,0.0,0.0,0.0,0.0,0.0,0.0
-6.25,20.25,61.375,0.0056,0.0011,-0.0011,0.16,-0.45,-9.93,0.0,0.0,0.0,0.0,0.0,0.0
-5.875,20.6875,61.75,0.0022,0.0056,-0.0022,0.13,-0.42,-9.9,0.0,0.0,0.0,0.0,0.0,0.0
-5.5,20.25,61.375,0.0011,0.0011,-0.0022,0.15,-0.43,-9.93,0.0,0.0,0.0,0.0,0.0,0.0
-5.5,20.6875,62.25,0.0011,0.0033,0.0011,0.15,-0.43,-9.91,0.0,0.0,0.0,0.0,0.0,0.0
-7.0,21.0625,61.0625,0.0022,0.0011,-0.0033,0.12,-0.42,-9.88,0.0,0.0,0.0,0.0,0.0,0.0
-5.875,20.25,61.375,0.0033,0.0,0.0,0.14,-0.41,-9.89,0.0,0.0,0.0,0.0,0.0,0.0
-6.25,21.375,61.75,0.0011,0.0022,-0.0033,0.15,-0.41,-9.87,0.0,0.0,0.0,0.0,0.0,0.0
-5.5,20.6875,61.375,-0.0011,0.0011,-0.0022,0.15,-0.45,-9.93,0.0,0.0,0.0,0.0,0.0,0.0
-6.25,20.25,62.25,0.0033,0.0,-0.0033,0.16,-0.42,-9.88,0.0,0.0,0.0,0.0,0.0,0.0
-7.0,19.875,61.5,0.0,0.0011,-0.0011,0.12,-0.42,-9.9,0.0,0.0,0.0,0.0,0.0,0.0
-7.0,21.0625,61.375,0.0,0.0,0.0,0.14,-0.41,-9.85,0.0,0.0,0.0,0.0,0.0,0.0
-5.875,19.875,60.6875,0.0033,0.0,-0.0022,0.15,-0.41,-9.96,0.0,0.0,0.0,0.0,0.0,0.0
-7.0,20.6875,61.5,0.0033,0.0,-0.0044,0.14,-0.45,-9.94,0.0,0.0,0.0,0.0,0.0,0.0
-5.875,21.0625,61.375,0.0011,0.0,-0.0044,0.17,-0.44,-9.91,0.0,0.0,0.0,0.0,0.0,0.0
-5.0625,19.875,61.0625,0.0011,0.0033,-0.0011,0.15,-0.43,-9.93,0.0,0.0,0.0,0.0,0.0,0.0
-6.25,20.6875,62.5625,0.0022,0.0022,-0.0022,0.14,-0.44,-9.94,0.0,0.0,0.0,0.0,0.0,0.0
-5.0625,20.6875,61.875,0.0033,0.0011,-0.0033,0.17,-0.44,-9.98,0.0,0.0,0.0,0.0,0.0,0.0
-6.5625,20.6875,61.875,0.0022,0.0033,0.0011,0.15,-0.42,-9.89,0.0,0.0,0.0,0.0,0.0,0.0
-6.5625,20.25,61.0625,0.0044,0.0022,0.0,0.14,-0.4,-9.89,0.0,0.0,0.0,0.0,0.0,0.0
-5.5,19.875,61.0625,0.0033,-0.0022,0.0022,0.16,-0.44,-9.96,0.0,0.0,0.0,0.0,0.0,0.0
-5.875,20.25,61.875,0.0,-0.0022,-0.0011,0.15,-0.43,-9.86,0.0,0.0,0.0,0.0,0.0,0.0
-7.0,19.875,61.5,0.0011,0.0011,-0.0022,0.11,-0.49,-10.0,0.0,0.0,0.0,0.0,0.0,0.0
-6.25,19.875,61.375,0.0011,0.0022,-0.0022,0.12,-0.39,-9.91,0.0,0.0,0.0,0.0,0.0,0.0
-5.0625,20.25,61.875,0.0,0.0,-0.0044,0.14,-0.43,-9.84,0.0,0.0,0.0,0.0,0.0,0.0
-6.25,19.875,60.6875,0.0011,0.0,-0.0011,0.14,-0.42,-9.84,0.0,0.0,0.0,0.0,0.0,0.0
-7.0,20.25,62.5625,-0.0022,0.0011,-0.0011,0.14,-0.42,-10.08,0.0,0.0,0.0,0.0,0.0,0.0
-5.875,20.6875,61.5,0.0011,0.0033,-0.0011,0.15,-0.39,-9.95,0.0,0.0,0.0,0.0,0.0,0.0
-44.75,-9.75,-1.1875,-0.1089,0.3267,0.0233,9.88,7.09,-11.67,0.0,0.0,0.0,0.0,0.0,0.0
-81.25,-20.375,78.5,0.0289,0.3978,-0.0322,4.0,0.45,-6.11,0.0,0.0,0.0,0.0,0.0,0.0
-36.875,5.75,90.0,0.0033,0.0033,0.0,0.15,-0.43,-9.93,0.0,0.0,0.0,0.0,0.0,0.0
-36.875,5.75,89.875,0.0,0.0022,-0.0011,0.13,-0.39,-9.9,0.0,0.0,0.0,0.0,0.0,0.0
-36.0625,5.75,90.0,0.0011,0.0,-0.0022,0.15,-0.44,-10.02,0.0,0.0,0.0,0.0,0.0,0.0
-36.5,4.6875,89.1875,0.0022,0.0011,-0.0022,0.13,-0.44,-9.94,0.0,0.0,0.0,0.0,0.0,0.0
-38.0,5.0625,90.375,0.0033,0.0,-0.0033,0.16,-0.45,-10.01,0.0,0.0,0.0,0.0,0.0,0.0
-36.875,4.25,89.5625,-0.0011,0.0022,-0.0033,0.14,-0.45,-9.94,0.0,0.0,0.0,0.0,0.0,0.0
-38.375,5.375,89.1875,0.0011,0.0011,0.0,0.15,-0.44,-9.9,0.0,0.0,0.0,0.0,0.0,0.0
-37.5625,6.0625,89.1875,0.0011,0.0022,0.0,0.14,-0.45,-9.92,0.0,0.0,0.0,0.0,0.0,0.0
-38.0,5.375,89.5625,0.0022,0.0011,-0.0044,0.15,-0.45,-9.96,0.0,0.0,0.0,0.0,0.0,0.0
-36.875,5.75,88.75,0.0044,0.0044,-0.0033,0.14,-0.45,-9.9,0.0,0.0,0.0,0.0,0.0,0.0
-36.5,5.75,89.5625,0.0011,-0.0011,-0.0044,0.17,-0.43,-9.9,0.0,0.0,0.0,0.0,0.0,0.0
-38.0,6.0625,90.0,0.0011,0.0,-0.0022,0.15,-0.45,-9.92,0.0,0.0,0.0,0.0,0.0,0.0
-38.375,5.375,90.0,0.0033,0.0,-0.0022,0.14,-0.43,-9.83,0.0,0.0,0.0,0.0,0.0,0.0
-38.0,4.6875,89.1875,0.0022,0.0011,-0.0011,0.14,-0.44,-9.92,0.0,0.0,0.0,0.0,0.0,0.0
-36.875,4.6875,90.0,0.0022,0.0011,-0.0011,0.15,-0.43,-9.9,0.0,0.0,0.0,0.0,0.0,0.0
-37.5625,5.375,90.0,0.0,0.0022,-0.0044,0.15,-0.42,-9.95,0.0,0.0,0.0,0.0,0.0,0.0
-37.5625,5.0625,89.5625,0.0033,0.0011,0.0022,0.14,-0.43,-9.98,0.0,0.0,0.0,0.0,0.0,0.0
-37.1875,5.375,88.375,0.0022,0.0,-0.0011,0.16,-0.44,-9.89,0.0,0.0,0.0,0.0,0.0,0.0
-44.75,-35.375,74.0625,0.0867,0.1222,-0.0422,0.41,5.43,-11.95,0.0,0.0,0.0,0.0,0.0,0.0
-14.25,1.0,70.5625,-0.1456,-0.3989,0.14,-0.48,-2.73,-11.3,0.0,0.0,0.0,0.0,0.0,0.0
45.875,-17.5,42.6875,-0.0011,-0.18,0.0111,-8.71,-0.61,-3.31,0.0,0.0,0.0,0.0,0.0,0.0
-20.0,-12.5625,46.5,-0.0011,0.0044,-0.0011,0.14,-0.44,-10.01,0.0,0.0,0.0,0.0,0.0,0.0
-19.5625,-14.0625,46.875,0.0022,0.0011,0.0,0.16,-0.44,-10.0,0.0,0.0,0.0,0.0,0.0,0.0
-19.25,-13.6875,47.6875,0.0022,0.0022,-0.0044,0.16,-0.45,-9.96,0.0,0.0,0.0,0.0,0.0,0.0
-20.0,-13.25,47.6875,0.0,0.0011,-0.0022,0.16,-0.43,-9.89,0.0,0.0,0.0,0.0,0.0,0.0
-18.875,-13.6875,46.875,0.0022,-0.0011,-0.0044,0.13,-0.45,-9.88,0.0,0.0,0.0,0.0,0.0,0.0
-20.6875,-14.0625,47.6875,0.0,0.0011,0.0,0.15,-0.42,-9.93,0.0,0.0,0.0,0.0,0.0,0.0
-18.5,-13.0,46.875,0.0011,0.0044,-0.0011,0.15,-0.44,-9.89,0.0,0.0,0.0,0.0,0.0,0.0
-20.0,-13.0,47.25,0.0022,0.0022,-0.0067,0.13,-0.42,-10.0,0.0,0.0,0.0,0.0,0.0,0.0
-20.0,-13.6875,46.0625,0.0011,0.0011,0.0011,0.14,-0.41,-9.93,0.0,0.0,0.0,0.0,0.0,0.0
-20.375,-13.0,47.25,-0.0011,0.0033,-0.0033,0.15,-0.41,-9.9,0.0,0.0,0.0,0.0,0.0,0.0
-20.0,-13.0,47.25,0.0011,0.0033,0.0022,0.14,-0.43,-10.0,0.0,0.0,0.0,0.0,0.0,0.0
-19.25,-13.25,48.0625,0.0011,0.0011,-0.0011,0.15,-0.44,-9.92,0.0,0.0,0.0,0.0,0.0,0.0
-18.875,-13.0,47.25,-0.0011,0.0033,0.0,0.15,-0.45,-10.0,0.0,0.0,0.0,0.0,0.0,0.0
-20.0,-13.0,46.875,0.0,0.0,-0.0033,0.13,-0.44,-9.94,0.0,0.0,0.0,0.0,0.0,0.0
-20.0,-13.0,47.6875,0.0011,0.0,0.0,0.14,-0.46,-9.97,0.0,0.0,0.0,0.0,0.0,0.0
-19.25,-13.6875,46.5625,0.0022,0.0011,-0.0011,0.15,-0.43,-10.02,0.0,0.0,0.0,0.0,0.0,0.0
-20.0,-13.0,47.25,0.0,0.0022,-0.0011,0.16,-0.44,-9.94,0.0,0.0,0.0,0.0,0.0,0.0
-19.5625,-13.25,46.5625,0.0044,-0.0022,-0.0022,0.14,-0.4,-10.04,0.0,0.0,0.0,0.0,0.0,0.0
-19.25,-14.5,46.5625,0.0022,0.0011,-0.0011,0.17,-0.44,-10.04,0.0,0.0,0.0,0.0,0.0,0.0
-0.25,12.5625,61.5625,0.0022,-0.0011,-0.0022,0.15,-0.43,-9.94,0.0,0.0,0.0,0.0,0.0,0.0
-0.6875,12.875,62.375,0.0011,0.0033,-0.0022,0.19,-0.43,-9.97,0.0,0.0,0.0,0.0,0.0,0.0
-1.0625,12.875,61.875,0.0,0.0022,0.0,0.13,-0.42,-9.88,0.0,0.0,0.0,0.0,0.0,0.0
-1.375,12.875,62.375,0.0011,-0.0011,-0.0011,0.15,-0.43,-9.92,0.0,0.0,0.0,0.0,0.0,0.0
1.5,12.5625,63.0625,0.0011,-0.0011,0.0,0.14,-0.44,-9.95,0.0,0.0,0.0,0.0,0.0,0.0
-0.25,12.875,62.375,0.0022,0.0033,-0.0033,0.14,-0.43,-9.94,0.0,0.0,0.0,0.0,0.0,0.0
0.375,12.1875,62.375,0.0011,0.0033,-0.0011,0.14,-0.45,-9.89,0.0,0.0,0.0,0.0,0.0,0.0
-0.25,12.5625,62.375,0.0011,0.0,-0.0022,0.13,-0.44,-10.0,0.0,0.0,0.0,0.0,0.0,0.0
0.0,12.5625,62.0,0.0011,0.0011,-0.0033,0.15,-0.42,-9.91,0.0,0.0,0.0,0.0,0.0,0.0
0.75,12.5625,61.5625,0.0033,0.0,-0.0033,0.16,-0.42,-9.93,0.0,0.0,0.0,0.0,0.0,0.0
-1.0625,11.75,62.375,-0.0011,0.0033,0.0,0.12,-0.43,-9.95,0.0,0.0,0.0,0.0,0.0,0.0
-0.25,13.25,62.375,0.0011,-0.0033,-0.0011,0.15,-0.44,-9.96,0.0,0.0,0.0,0.0,0.0,0.0
-1.0625,11.75,61.5625,0.0011,0.0022,-0.0044,0.14,-0.45,-9.9,0.0,0.0,0.0,0.0,0.0,0.0
-1.0625,12.875,61.5625,0.0022,-0.0011,-0.0011,0.15,-0.44,-9.95,0.0,0.0,0.0,0.0,0.0,0.0
0.375,12.1875,62.375,0.0011,0.0011,-0.0011,0.18,-0.42,-9.95,0.0,0.0,0.0,0.0,0.0,0.0
-1.0625,12.1875,62.375,0.0,0.0,-0.0011,0.14,-0.44,-9.98,0.0,0.0,0.0,0.0,0.0,0.0
0.0,12.5625,62.375,0.0022,0.0011,-0.0044,0.13,-0.44,-9.93,0.0,0.0,0.0,0.0,0.0,0.0
-0.6875,12.1875,62.0,0.0033,0.0,-0.0022,0.15,-0.43,-9.91,0.0,0.0,0.0,0.0,0.0,0.0
-1.375,12.1875,61.5625,0.0022,-0.0011,-0.0011,0.15,-0.42,-9.99,0.0,0.0,0.0,0.0,0.0,0.0
0.0,12.1875,62.0,0.0033,0.0033,-0.0022,0.13,-0.41,-9.87,0.0,0.0,0.0,0.0,0.0,0.0
0.0,12.5625,63.1875,0.0022,0.0022,-0.0022,0.13,-0.44,-10.03,0.0,0.0,0.0,0.0,0.0,0.0
0.0,12.875,62.75,0.0033,-0.0011,-0.0044,0.17,-0.42,-9.92,0.0,0.0,0.0,0.0,0.0,0.0
-0.25,13.25,61.1875,0.0,0.0011,0.0,0.16,-0.43,-9.92,0.0,0.0,0.0,0.0,0.0,0.0
-0.6875,12.1875,62.375,-0.0011,0.0011,-0.0022,0.15,-0.46,-9.95,0.0,0.0,0.0,0.0,0.0,0.0
-1.0625,12.5625,62.375,0.0011,0.0033,-0.0011,0.13,-0.42,-9.88,0.0,0.0,0.0,0.0,0.0,0.0
-0.6875,12.5625,62.375,0.0011,0.0,0.0,0.14,-0.42,-9.9,0.0,0.0,0.0,0.0,0.0,0.0
0.0,12.1875,61.25,0.0033,0.0,0.0,0.14,-0.44,-9.95,0.0,0.0,0.0,0.0,0.0,0.0
0.0,12.5625,61.5625,0.0011,0.0011,-0.0022,0.14,-0.44,-9.99,0.0,0.0,0.0,0.0,0.0,0.0
-0.25,12.875,60.75,0.0011,0.0,-0.0056,0.16,-0.45,-9.89,0.0,0.0,0.0,0.0,0.0,0.0
-0.25,13.25,62.0,0.0011,0.0011,-0.0044,0.13,-0.44,-9.89,0.0,0.0,0.0,0.0,0.0,0.0
-0.6875,13.25,62.0,0.0,0.0033,-0.0011,0.15,-0.45,-9.93,0.0,0.0,0.0,0.0,0.0,0.0
-0.6875,12.1875,62.0,0.0011,0.0,0.0,0.11,-0.45,-9.93,0.0,0.0,0.0,0.0,0.0,0.0
-0.6875,12.1875,62.0,0.0011,0.0011,-0.0022,0.17,-0.41,-9.92,0.0,0.0,0.0,0.0,0.0,0.0
-1.0625,12.1875,62.375,0.0022,0.0011,0.0011,0.14,-0.44,-9.97,0.0,0.0,0.0,0.0,0.0,0.0
-0.25,13.25,61.5625,0.0011,0.0011,-0.0022,0.16,-0.43,-9.88,0.0,0.0,0.0,0.0,0.0,0.0
0.375,12.5625,62.375,0.0,0.0011,-0.0033,0.17,-0.41,-9.89,0.0,0.0,0.0,0.0,0.0,0.0
-0.6875,13.25,61.5625,0.0,0.0011,0.0011,0.15,-0.46,-9.99,0.0,0.0,0.0,0.0,0.0,0.0
-0.6875,12.5625,62.375,0.0011,-0.0011,0.0,0.14,-0.41,-9.88,0.0,0.0,0.0,0.0,0.0,0.0
-1.0625,13.6875,61.25,0.0033,-0.0044,-0.0022,0.18,-0.45,-9.98,0.0,0.0,0.0,0.0,0.0,0.0
0.0,12.1875,61.5625,-0.0011,0.0033,-0.0011,0.14,-0.42,-9.96,0.0,0.0,0.0,0.0,0.0,0.0
0.75,12.875,63.1875,0.0033,0.0011,0.0011,0.15,-0.43,-9.96,0.0,0.0,0.0,0.0,0.0,0.0
-0.25,12.5625,61.25,0.0022,0.0022,-0.0022,0.14,-0.45,-9.93,0.0,0.0,0.0,0.0,0.0,0.0
-0.6875,12.5625,61.5625,0.0033,0.0,0.0,0.15,-0.42,-9.9,0.0,0.0,0.0,0.0,0.0,0.0
0.0,12.1875,62.0,0.0033,0.0011,0.0,0.15,-0.43,-10.0,0.0,0.0,0.0,0.0,0.0,0.0
0.375,12.875,62.75,0.0,0.0022,-0.0011,0.14,-0.42,-9.89,0.0,0.0,0.0,0.0,0.0,0.0
0.75,12.1875,62.75,-0.0022,0.0044,-0.0044,0.17,-0.42,-9.87,0.0,0.0,0.0,0.0,0.0,0.0
0.375,13.25,62.0625,0.0022,-0.0022,-0.0033,0.15,-0.44,-9.89,0.0,0.0,0.0,0.0,0.0,0.0
0.0,13.25,61.25,0.0033,0.0,-0.0033,0.15,-0.46,-9.99,0.0,0.0,0.0,0.0,0.0,0.0
0.0,13.25,61.5625,-0.0011,0.0011,-0.0022,0.14,-0.42,-9.96,0.0,0.0,0.0,0.0,0.0,0.0
0.0,12.875,61.25,0.0,0.0,-0.0011,0.13,-0.43,-9.86,0.0,0.0,0.0,0.0,0.0,0.0
0.0,12.1875,62.0625,0.0022,0.0011,-0.0044,0.16,-0.45,-9.97,0.0,0.0,0.0,0.0,0.0,0.0
0.375,12.1875,62.0,-0.0011,-0.0011,-0.0011,0.16,-0.44,-9.92,0.0,0.0,0.0,0.0,0.0,0.0
-0.6875,12.1875,62.75,0.0,0.0011,-0.0033,0.11,-0.43,-9.89,0.0,0.0,0.0,0.0,0.0,0.0
-0.25,12.875,62.75,0.0033,0.0022,-0.0011,0.14,-0.43,-9.89,0.0,0.0,0.0,0.0,0.0,0.0
0.75,12.875,62.0625,0.0022,-0.0011,-0.0033,0.13,-0.43,-9.84,0.0,0.0,0.0,0.0,0.0,0.0
-0.25,13.25,61.6875,-0.0011,0.0022,0.0,0.14,-0.43,-9.93,0.0,0.0,0.0,0.0,0.0,0.0
0.0,12.5625,62.0625,0.0011,-0.0011,-0.0022,0.12,-0.43,-9.95,0.0,0.0,0.0,0.0,0.0,0.0
-1.0625,12.5625,61.6875,0.0022,-0.0011,-0.0011,0.15,-0.42,-9.9,0.0,0.0,0.0,0.0,0.0,0.0
-0.6875,12.1875,61.6875,0.0011,0.0044,-0.0022,0.16,-0.45,-9.88,0.0,0.0,0.0,0.0,0.0,0.0
-1.0625,12.875,62.0625,0.0011,0.0011,-0.0078,0.14,-0.43,-9.88,0.0,0.0,0.0,0.0,0.0,0.0
-0.25,12.1875,62.375,0.0022,0.0,-0.0022,0.14,-0.45,-10.0,0.0,0.0,0.0,0.0,0.0,0.0
0.0,12.5625,62.0625,-0.0022,0.0,-0.0011,0.14,-0.43,-9.98,0.0,0.0,0.0,0.0,0.0,0.0
-0.6875,11.75,62.375,0.0022,0.0011,-0.0022,0.15,-0.42,-9.85,0.0,0.0,0.0,0.0,0.0,0.0
0.0,12.5625,62.375,0.0022,-0.0033,-0.0033,0.14,-0.41,-9.9,0.0,0.0,0.0,0.0,0.0,0.0
0.0,12.1875,61.6875,0.0011,-0.0011,-0.0033,0.14,-0.44,-9.96,0.0,0.0,0.0,0.0,0.0,0.0
-0.25,13.6875,61.6875,0.0,0.0011,0.0,0.14,-0.43,-10.0,0.0,0.0,0.0,0.0,0.0,0.0
0.0,12.875,62.0625,0.0033,0.0011,-0.0022,0.15,-0.44,-9.91,0.0,0.0,0.0,0.0,0.0,0.0
-0.6875,12.875,62.5,0.0,0.0,-0.0044,0.12,-0.44,-9.94,0.0,0.0,0.0,0.0,0.0,0.0
-1.375,13.25,60.875,0.0022,0.0011,-0.0033,0.15,-0.42,-9.88,0.0,0.0,0.0,0.0,0.0,0.0
0.0,12.875,62.375,0.0033,-0.0011,-0.0022,0.15,-0.43,-9.91,0.0,0.0,0.0,0.0,0.0,0.0
-0.25,12.5625,63.5625,0.0022,0.0,-0.0011,0.15,-0.43,-9.95,0.0,0.0,0.0,0.0,0.0,0.0
0.375,12.5625,62.375,-0.0033,0.0011,-0.0011,0.15,-0.44,-10.0,0.0,0.0,0.0,0.0,0.0,0.0
0.0,12.875,61.25,0.0022,-0.0022,-0.0011,0.16,-0.41,-9.97,0.0,0.0,0.0,0.0,0.0,0.0
-1.0625,12.1875,61.6875,0.0011,0.0022,-0.0022,0.15,-0.43,-9.97,0.0,0.0,0.0,0.0,0.0,0.0
-1.75,12.1875,62.0625,0.0,0.0,-0.0011,0.13,-0.45,-9.9,0.0,0.0,0.0,0.0,0.0,0.0
-1.0625,12.1875,62.0625,0.0,0.0,0.0022,0.13,-0.41,-9.84,0.0,0.0,0.0,0.0,0.0,0.0
-0.25,12.875,62.5,0.0011,0.0011,-0.0033,0.15,-0.43,-9.93,0.0,0.0,0.0,0.0,0.0,0.0
0.0,12.5625,62.875,0.0011,0.0022,-0.0033,0.15,-0.42,-9.88,0.0,0.0,0.0,0.0,0.0,0.0
-1.0625,12.5625,62.375,0.0022,-0.0011,-0.0033,0.13,-0.44,-9.91,0.0,0.0,0.0,0.0,0.0,0.0
-1.0625,12.5625,62.5,0.0033,0.0011,0.0022,0.14,-0.42,-9.87,0.0,0.0,0.0,0.0,0.0,0.0
-0.6875,12.5625,62.0625,0.0011,0.0011,0.0,0.14,-0.42,-9.88,0.0,0.0,0.0,0.0,0.0,0.0
0.375,12.875,63.25,0.0022,0.0011,-0.0022,0.14,-0.42,-9.88,0.0,0.0,0.0,0.0,0.0,0.0
0.375,12.875,62.5,0.0011,-0.0011,-0.0033,0.13,-0.42,-9.81,0.0,0.0,0.0,0.0,0.0,0.0
-1.0625,11.75,62.0625,0.0011,0.0033,-0.0044,0.16,-0.42,-9.91,0.0,0.0,0.0,0.0,0.0,0.0
-0.6875,11.75,62.0625,0.0,-0.0011,0.0,0.14,-0.43,-9.94,0.0,0.0,0.0,0.0,0.0,0.0
0.0,12.875,61.25,0.0033,0.0022,-0.0011,0.13,-0.4,-9.86,0.0,0.0,0.0,0.0,0.0,0.0
0.375,12.5625,61.25,0.0022,0.0,-0.0044,0.11,-0.46,-9.97,0.0,0.0,0.0,0.0,0.0,0.0
0.375,12.875,61.25,0.0011,0.0022,0.0,0.16,-0.42,-9.98,0.0,0.0,0.0,0.0,0.0,0.0
0.375,12.875,60.875,0.0011,0.0011,-0.0011,0.15,-0.45,-9.93,0.0,0.0,0.0,0.0,0.0,0.0
0.375,12.875,61.6875,0.0022,0.0,-0.0011,0.15,-0.45,-9.95,0.0,0.0,0.0,0.0,0.0,0.0
-1.375,12.875,62.0625,0.0,0.0033,-0.0022,0.13,-0.43,-10.05,0.0,0.0,0.0,0.0,0.0,0.0
-1.0625,12.5625,62.5,0.0,0.0056,-0.0056,0.15,-0.43,-9.96,0.0,0.0,0.0,0.0,0.0,0.0
-0.25,13.25,61.25,-0.0022,0.0011,0.0022,0.16,-0.45,-9.92,0.0,0.0,0.0,0.0,0.0,0.0
0.375,12.5625,61.25,0.0022,-0.0011,-0.0022,0.16,-0.45,-10.04,0.0,0.0,0.0,0.0,0.0,0.0
1.0625,12.875,62.0625,0.0,-0.0011,-0.0033,0.16,-0.44,-9.95,0.0,0.0,0.0,0.0,0.0,0.0
-0.25,12.5625,61.75,0.0033,0.0033,0.0,0.16,-0.45,-9.86,0.0,0.0,0.0,0.0,0.0,0.0
0.0,12.5625,62.5,-0.0011,-0.0033,0.0,0.15,-0.44,-9.91,0.0,0.0,0.0,0.0,0.0,0.0
-1.375,12.5625,62.0625,0.0011,0.0,-0.0033,0.14,-0.43,-9.94,0.0,0.0,0.0,0.0,0.0,0.0
-0.6875,12.1875,61.25,0.0,0.0,-0.0011,0.15,-0.41,-9.96,0.0,0.0,0.0,0.0,0.0,0.0
-1.375,12.875,61.25,0.0,0.0011,-0.0033,0.13,-0.44,-10.03,0.0,0.0,0.0,0.0,0.0,0.0
0.375,12.875,62.0625,0.0,0.0,-0.0011,0.13,-0.44,-10.02,0.0,0.0,0.0,0.0,0.0,0.0
-0.25,12.875,61.25,0.0011,0.0033,-0.0056,0.13,-0.41,-9.89,0.0,0.0,0.0,0.0,0.0,0.0
-1.375,12.875,62.0625,0.0044,0.0,-0.0022,0.12,-0.42,-9.98,0.0,0.0,0.0,0.0,0.0,0.0
0.0,12.5625,63.25,0.0,0.0022,0.0011,0.16,-0.43,-9.88,0.0,0.0,0.0,0.0,0.0,0.0
-1.375,12.5625,62.5,0.0022,0.0011,-0.0022,0.15,-0.43,-9.95,0.0,0.0,0.0,0.0,0.0,0.0
0.0,12.875,62.875,0.0,-0.0011,-0.0033,0.14,-0.41,-10.0,0.0,0.0,0.0,0.0,0.0,0.0
-0.6875,12.1875,60.5,0.0011,0.0011,-0.0011,0.13,-0.44,-9.85,0.0,0.0,0.0,0.0,0.0,0.0
-1.0625,12.5625,61.75,0.0033,0.0011,-0.0011,0.16,-0.44,-9.91,0.0,0.0,0.0,0.0,0.0,0.0
0.375,12.5625,61.25,0.0,0.0011,-0.0022,0.13,-0.42,-9.95,0.0,0.0,0.0,0.0,0.0,0.0
0.0,11.75,62.0625,0.0022,0.0022,-0.0011,0.12,-0.44,-9.87,0.0,0.0,0.0,0.0,0.0,0.0
0.375,12.875,62.0625,-0.0011,-0.0011,0.0,0.14,-0.45,-10.02,0.0,0.0,0.0,0.0,0.0,0.0
-1.0625,12.875,62.5,0.0011,0.0,-0.0011,0.16,-0.45,-10.0,0.0,0.0,0.0,0.0,0.0,0.0
-1.75,12.875,63.25,0.0,0.0,-0.0033,0.1,-0.41,-9.97,0.0,0.0,0.0,0.0,0.0,0.0
-1.375,13.25,62.0625,0.0011,-0.0011,-0.0022,0.17,-0.43,-9.92,0.0,0.0,0.0,0.0,0.0,0.0
0.375,12.5625,60.5,0.0022,0.0044,-0.0033,0.14,-0.45,-10.0,0.0,0.0,0.0,0.0,0.0,0.0
-1.375,13.6875,60.875,0.0022,-0.0011,0.0,0.15,-0.45,-10.01,0.0,0.0,0.0,0.0,0.0,0.0
-0.25,12.5625,62.0625,0.0044,-0.0011,-0.0022,0.14,-0.42,-9.97,0.0,0.0,0.0,0.0,0.0,0.0
-1.0625,13.25,61.6875,0.0,0.0,0.0,0.15,-0.43,-9.9,0.0,0.0,0.0,0.0,0.0,0.0
-0.25,13.25,60.875,0.0044,0.0056,-0.0033,0.12,-0.45,-9.88,0.0,0.0,0.0,0.0,0.0,0.0
-0.25,12.5625,62.5,0.0033,0.0022,-0.0022,0.15,-0.44,-9.99,0.0,0.0,0.0,0.0,0.0,0.0
0.0,13.6875,62.5,0.0022,0.0,-0.0067,0.16,-0.43,-9.93,0.0,0.0,0.0,0.0,0.0,0.0
-0.25,12.5625,62.0625,0.0033,0.0056,-0.0011,0.15,-0.44,-9.96,0.0,0.0,0.0,0.0,0.0,0.0
0.375,12.875,61.25,0.0011,0.0,-0.0011,0.22,-0.36,-9.9,0.0,0.0,0.0,0.0,0.0,0.0
0.375,12.5625,61.6875,0.0022,-0.0011,-0.0022,0.13,-0.42,-9.87,0.0,0.0,0.0,0.0,0.0,0.0
0.375,12.5625,62.0625,0.0022,-0.0011,0.0,0.15,-0.43,-9.93,0.0,0.0,0.0,0.0,0.0,0.0
0.375,11.75,62.0625,0.0011,0.0044,0.0011,0.13,-0.43,-9.88,0.0,0.0,0.0,0.0,0.0,0.0
-0.6875,12.5625,62.5,0.0011,0.0011,-0.0033,0.14,-0.44,-9.95,0.0,0.0,0.0,0.0,0.0,0.0
-1.0625,12.5625,60.5625,0.0022,0.0,-0.0011,0.13,-0.43,-9.87,0.0,0.0,0.0,0.0,0.0,0.0
-1.375,13.25,61.6875,0.0033,0.0,-0.0011,0.15,-0.43,-9.85,0.0,0.0,0.0,0.0,0.0,0.0
-1.0625,13.6875,62.0625,0.0,0.0011,0.0011,0.12,-0.43,-10.04,0.0,0.0,0.0,0.0,0.0,0.0
0.75,12.5625,62.5,0.0022,0.0011,0.0022,0.15,-0.45,-9.98,0.0,0.0,0.0,0.0,0.0,0.0
0.0,12.5625,61.75,0.0033,-0.0033,-0.0022,0.14,-0.42,-9.95,0.0,0.0,0.0,0.0,0.0,0.0
-1.75,12.875,62.0625,0.0011,0.0011,0.0022,0.16,-0.41,-9.95,0.0,0.0,0.0,0.0,0.0,0.0
1.0625,13.6875,60.875,0.0011,-0.0022,0.0,0.16,-0.44,-9.99,0.0,0.0,0.0,0.0,0.0,0.0
-0.25,12.5625,61.75,0.0,0.0011,-0.0022,0.16,-0.46,-9.99,0.0,0.0,0.0,0.0,0.0,0.0
0.75,12.5625,61.375,0.0,-0.0011,-0.0033,0.15,-0.43,-9.98,0.0,0.0,0.0,0.0,0.0,0.0
0.0,12.5625,61.75,0.0022,-0.0022,-0.0011,0.13,-0.44,-9.95,0.0,0.0,0.0,0.0,0.0,0.0
-1.375,12.875,61.25,0.0011,0.0044,0.0022,0.16,-0.46,-9.97,0.0,0.0,0.0,0.0,0.0,0.0
0.0,13.6875,61.375,0.0,0.0011,0.0,0.16,-0.43,-9.97,0.0,0.0,0.0,0.0,0.0,0.0
-1.375,13.25,64.0625,0.0022,0.0044,0.0,0.16,-0.42,-9.95,0.0,0.0,0.0,0.0,0.0,0.0
-1.0625,12.875,62.5,0.0033,-0.0011,-0.0011,0.14,-0.48,-9.97,0.0,0.0,0.0,0.0,0.0,0.0
-0.6875,12.5625,62.875,0.0,0.0011,-0.0022,0.13,-0.4,-9.83,0.0,0.0,0.0,0.0,0.0,0.0
-0.6875,13.25,60.1875,0.0044,-0.0022,-0.0011,0.15,-0.45,-9.95,0.0,0.0,0.0,0.0,0.0,0.0
-0.25,12.5625,62.0625,0.0,0.0022,-0.0056,0.15,-0.44,-9.93,0.0,0.0,0.0,0.0,0.0,0.0
-0.6875,13.25,62.875,0.0033,0.0022,-0.0033,0.16,-0.43,317.8,0.0,0.0,0.0,0.0,0.0,0.0
-0.25,12.875,61.75,0.0,0.0,-0.0022,0.16,-0.44,-9.97,0.0,0.0,0.0,0.0,0.0,0.0
0.0,12.1875,62.5625,0.0011,0.0022,-0.0022,0.11,-0.42,-9.92,0.0,0.0,0.0,0.0,0.0,0.0
0.375,12.875,62.1875,0.0022,0.0,0.0,0.13,-0.44,-9.94,0.0,0.0,0.0,0.0,0.0,0.0
-1.375,12.875,62.875,0.0011,0.0011,-0.0011,0.13,-0.43,-9.93,0.0,0.0,0.0,0.0,0.0,0.0
-0.6875,12.875,62.1875,0.0011,0.0011,-0.0011,0.14,-0.44,-9.95,0.0,0.0,0.0,0.0,0.0,0.0
0.0,12.5625,61.75,-0.0011,-0.0022,-0.0022,0.17,-0.44,-9.95,0.0,0.0,0.0,0.0,0.0,0.0
0.375,12.875,61.75,0.0,0.0011,-0.0011,0.15,-0.44,-9.93,0.0,0.0,0.0,0.0,0.0,0.0
-0.25,12.5625,62.5625,-0.0011,0.0011,-0.0022,0.15,-0.45,-10.0,0.0,0.0,0.0,0.0,0.0,0.0
-0.25,12.875,62.5625,0.0022,0.0022,-0.0011,0.13,-0.44,-9.88,0.0,0.0,0.0,0.0,0.0,0.0
-0.6875,11.75,61.75,0.0011,0.0022,-0.0022,0.15,-0.42,-9.92,0.0,0.0,0.0,0.0,0.0,0.0
-2.1875,13.25,62.0625,0.0,0.0033,-0.0033,0.13,-0.42,-9.87,0.0,0.0,0.0,0.0,0.0,0.0
-1.0625,12.5625,61.75,0.0,0.0022,0.0022,0.13,-0.44,-9.95,0.0,0.0,0.0,0.0,0.0,0.0
-1.375,12.5625,61.375,0.0011,0.0,0.0,0.13,-0.43,-10.04,0.0,0.0,0.0,0.0,0.0,0.0
0.0,12.5625,61.375,0.0011,0.0,-0.0011,0.17,-0.43,-9.99,0.0,0.0,0.0,0.0,0.0,0.0
-2.1875,12.875,61.75,-0.0011,0.0,-0.0044,0.13,-0.44,-9.98,0.0,0.0,0.0,0.0,0.0,0.0
-0.25,12.5625,62.0625,0.0011,0.0011,-0.0033,0.17,-0.42,-9.99,0.0,0.0,0.0,0.0,0.0,0.0
-1.375,13.25,61.75,-0.0011,0.0022,-0.0022,0.16,-0.43,-10.03,0.0,0.0,0.0,0.0,0.0,0.0
-0.6875,12.875,62.0625,0.0011,-0.0011,0.0,0.15,-0.42,-9.94,0.0,0.0,0.0,0.0,0.0,0.0
-0.6875,12.875,62.5625,0.0,-0.0022,-0.0011,0.16,-0.42,-10.0,0.0,0.0,0.0,0.0,0.0,0.0
-0.6875,13.25,63.25,0.0033,-0.0011,-0.0011,0.21,-0.43,-9.93,0.0,0.0,0.0,0.0,0.0,0.0
-1.0625,12.875,61.75,0.0,-0.0011,0.0,0.17,-0.43,-9.89,0.0,0.0,0.0,0.0,0.0,0.0
-0.6875,12.5625,61.375,0.0033,0.0,-0.0011,0.13,-0.41,-9.95,0.0,0.0,0.0,0.0,0.0,0.0
-0.25,12.1875,61.75,0.0022,0.0022,0.0011,0.13,-0.43,-9.91,0.0,0.0,0.0,0.0,0.0,0.0
-0.25,12.5625,61.375,0.0022,-0.0011,-0.0022,0.15,-0.42,-9.88,0.0,0.0,0.0,0.0,0.0,0.0
0.75,12.875,61.375,0.0033,0.0011,-0.0033,0.12,-0.46,-10.01,0.0,0.0,0.0,0.0,0.0,0.0
-0.6875,12.875,61.75,0.0033,0.0011,0.0,0.15,-0.45,-10.01,0.0,0.0,0.0,0.0,0.0,0.0
-1.375,12.875,62.5625,-0.0011,0.0033,-0.0044,0.14,-0.43,-9.95,0.0,0.0,0.0,0.0,0.0,0.0
-0.6875,12.5625,62.5625,0.0011,-0.0022,-0.0011,0.13,-0.45,-9.98,0.0,0.0,0.0,0.0,0.0,0.0
-0.25,12.5625,61.375,0.0033,0.0011,0.0,0.15,-0.43,-10.01,0.0,0.0,0.0,0.0,0.0,0.0
-0.6875,12.1875,61.75,0.0011,0.0011,-0.0011,0.13,-0.42,-9.98,0.0,0.0,0.0,0.0,0.0,0.0
0.375,12.875,61.375,0.0011,-0.0022,0.0,0.2,-0.38,-9.99,0.0,0.0,0.0,0.0,0.0,0.0
-0.25,13.25,62.1875,0.0022,0.0011,-0.0022,0.13,-0.44,-9.89,0.0,0.0,0.0,0.0,0.0,0.0
-1.0625,12.875,61.375,-0.0022,-0.0011,-0.0022,0.15,-0.44,-10.0,0.0,0.0,0.0,0.0,0.0,0.0
-0.6875,12.875,62.1875,0.0022,0.0022,-0.0011,0.11,-0.45,-9.97,0.0,0.0,0.0,0.0,0.0,0.0
0.0,13.25,61.75,0.0011,0.0,-0.0011,0.16,-0.44,-10.01,0.0,0.0,0.0,0.0,0.0,0.0
0.0,12.1875,61.75,0.0022,0.0011,-0.0022,0.13,-0.44,-9.94,0.0,0.0,0.0,0.0,0.0,0.0
-1.0625,12.875,62.1875,0.0,0.0022,-0.0022,0.15,-0.43,-9.89,0.0,0.0,0.0,0.0,0.0,0.0
0.0,12.5625,62.5625,0.0011,0.0022,0.0011,0.13,-0.46,-9.97,0.0,0.0,0.0,0.0,0.0,0.0
-0.25,12.5625,61.75,0.0011,-0.0011,-0.0022,0.14,-0.43,-9.89,0.0,0.0,0.0,0.0,0.0,0.0
-0.6875,12.1875,61.375,0.0011,0.0011,-0.0033,0.15,-0.41,-9.97,0.0,0.0,0.0,0.0,0.0,0.0
0.0,12.5625,62.1875,0.0011,0.0,-0.0022,0.11,-0.43,-9.89,0.0,0.0,0.0,0.0,0.0,0.0
-0.6875,13.6875,61.75,0.0033,0.0011,-0.0011,0.16,-0.43,-9.91,0.0,0.0,0.0,0.0,0.0,0.0
0.0,12.875,62.5625,0.0,0.0,0.0022,0.13,-0.42,317.74,0.0,0.0,0.0,0.0,0.0,0.0
1.5,12.875,62.1875,0.0011,0.0,-0.0011,0.13,-0.42,-9.96,0.0,0.0,0.0,0.0,0.0,0.0
-0.6875,12.875,61.75,0.0011,-0.0033,-0.0011,0.15,-0.43,-10.0,0.0,0.0,0.0,0.0,0.0,0.0
-0.6875,12.875,61.75,0.0011,0.0011,-0.0011,0.12,-0.44,-9.99,0.0,0.0,0.0,0.0,0.0,0.0
-0.25,13.6875,61.75,0.0011,0.0011,-0.0011,0.15,-0.43,-9.92,0.0,0.0,0.0,0.0,0.0,0.0
-0.25,13.25,60.5625,0.0022,0.0011,0.0,0.16,-0.43,-9.96,0.0,0.0,0.0,0.0,0.0,0.0
0.75,12.1875,61.0,0.0,0.0,-0.0011,0.15,-0.41,-9.92,0.0,0.0,0.0,0.0,0.0,0.0
0.0,13.25,61.75,-0.0011,-0.0011,-0.0022,0.15,-0.45,-10.0,0.0,0.0,0.0,0.0,0.0,0.0
-0.6875,12.875,61.75,0.0,0.0033,-0.0011,0.14,-0.43,-9.88,0.0,0.0,0.0,0.0,0.0,0.0
-1.0625,12.875,61.0,0.0011,0.0,-0.0033,0.11,-0.45,-10.01,0.0,0.0,0.0,0.0,0.0,0.0
-0.6875,12.875,61.375,-0.0022,0.0033,0.0,0.13,-0.45,-9.9,0.0,0.0,0.0,0.0,0.0,0.0
1.5,12.875,62.5625,0.0022,0.0,-0.0022,0.13,-0.46,-10.0,0.0,0.0,0.0,0.0,0.0,0.0
0.375,13.25,62.5625,0.0022,-0.0011,-0.0022,0.13,-0.45,-9.86,0.0,0.0,0.0,0.0,0.0,0.0
-2.1875,12.875,62.1875,0.0011,0.0022,-0.0022,0.14,-0.45,-9.88,0.0,0.0,0.0,0.0,0.0,0.0
-1.0625,12.875,61.75,0.0,0.0022,0.0011,0.15,-0.43,-9.93,0.0,0.0,0.0,0.0,0.0,0.0
0.0,12.875,61.75,0.0,0.0011,-0.0011,0.1,-0.45,-9.9,0.0,0.0,0.0,0.0,0.0,0.0
0.0,13.25,61.75,0.0011,0.0011,-0.0022,0.14,-0.44,-9.99,0.0,0.0,0.0,0.0,0.0,0.0
-0.25,12.875,61.375,0.0022,0.0011,-0.0033,0.13,-0.44,-9.88,0.0,0.0,0.0,0.0,0.0,0.0
1.0625,13.25,62.1875,-0.0011,0.0,0.0,0.15,-0.44,-9.94,0.0,0.0,0.0,0.0,0.0,0.0
-0.25,13.25,62.5625,0.0,0.0011,-0.0022,0.16,-0.45,-10.0,0.0,0.0,0.0,0.0,0.0,0.0
-1.0625,12.5625,62.1875,0.0011,0.0011,-0.0033,0.17,-0.44,-9.99,0.0,0.0,0.0,0.0,0.0,0.0
0.0,12.5625,61.75,0.0011,0.0022,0.0,0.14,-0.44,-9.89,0.0,0.0,0.0,0.0,0.0,0.0
-1.375,12.875,61.75,0.0033,-0.0011,-0.0011,0.16,-0.43,-10.0,0.0,0.0,0.0,0.0,0.0,0.0
0.375,12.875,62.1875,0.0033,-0.0022,0.0,0.17,-0.45,-10.0,0.0,0.0,0.0,0.0,0.0,0.0
0.75,12.5625,62.5625,0.0044,0.0011,-0.0022,0.13,-0.43,-9.92,0.0,0.0,0.0,0.0,0.0,0.0
0.375,13.6875,61.75,0.0022,0.0022,0.0,0.12,-0.43,-9.99,0.0,0.0,0.0,0.0,0.0,0.0
-0.6875,13.25,62.1875,0.0011,0.0,0.0011,0.17,-0.42,-9.89,0.0,0.0,0.0,0.0,0.0,0.0
-0.25,12.875,61.375,0.0011,-0.0011,-0.0022,0.14,-0.44,-9.99,0.0,0.0,0.0,0.0,0.0,0.0
-0.6875,12.5625,61.375,0.0011,-0.0033,-0.0011,0.12,-0.43,-9.96,0.0,0.0,0.0,0.0,0.0,0.0
-0.25,13.25,62.1875,-0.0011,0.0011,-0.0022,0.1,-0.45,-9.96,0.0,0.0,0.0,0.0,0.0,0.0
0.0,12.875,61.375,0.0,0.0022,-0.0033,0.17,-0.45,-9.99,0.0,0.0,0.0,0.0,0.0,0.0
0.375,12.5625,62.1875,0.0011,0.0011,-0.0022,0.18,-0.41,-9.94,0.0,0.0,0.0,0.0,0.0,0.0
0.0,12.875,61.375,0.0022,-0.0033,0.0011,0.12,-0.39,-9.92,0.0,0.0,0.0,0.0,0.0,0.0
-0.25,11.75,62.5625,0.0011,0.0022,-0.0011,0.16,-0.42,-9.98,0.0,0.0,0.0,0.0,0.0,0.0
-0.25,12.875,61.375,0.0022,0.0033,0.0011,0.15,-0.44,-9.99,0.0,0.0,0.0,0.0,0.0,0.0
-1.0625,13.6875,61.0,0.0011,0.0011,-0.0011,0.19,-0.41,-9.95,0.0,0.0,0.0,0.0,0.0,0.0
-0.25,12.1875,61.75,0.0022,0.0033,-0.0011,0.15,-0.45,-9.95,0.0,0.0,0.0,0.0,0.0,0.0
0.0,12.1875,62.1875,-0.0011,0.0011,-0.0033,0.1,-0.42,-9.97,0.0,0.0,0.0,0.0,0.0,0.0
1.0625,13.25,62.1875,0.0022,-0.0011,-0.0022,0.11,-0.42,-9.93,0.0,0.0,0.0,0.0,0.0,0.0
0.75,12.875,61.375,0.0011,-0.0022,0.0011,0.19,-0.46,-9.9,0.0,0.0,0.0,0.0,0.0,0.0
0.0,13.25,61.75,-0.0011,0.0022,-0.0022,0.14,-0.45,-10.03,0.0,0.0,0.0,0.0,0.0,0.0
-0.6875,12.875,62.1875,0.0,0.0022,-0.0022,0.15,-0.43,-10.03,0.0,0.0,0.0,0.0,0.0,0.0
0.0,12.875,60.25,0.0,-0.0011,-0.0033,0.15,-0.44,-9.94,0.0,0.0,0.0,0.0,0.0,0.0
0.0,12.875,62.1875,0.0,0.0,-0.0033,0.12,-0.39,-9.94,0.0,0.0,0.0,0.0,0.0,0.0
0.0,12.5625,61.75,0.0022,0.0022,0.0011,0.12,-0.4,-9.89,0.0,0.0,0.0,0.0,0.0,0.0
-1.375,12.5625,61.75,0.0022,0.0011,-0.0044,0.12,-0.45,-10.0,0.0,0.0,0.0,0.0,0.0,0.0
0.0,12.875,61.0,0.0011,0.0022,-0.0011,0.14,-0.43,-9.97,0.0,0.0,0.0,0.0,0.0,0.0
-1.0625,12.1875,62.1875,0.0033,0.0011,-0.0022,0.15,-0.45,-9.9,0.0,0.0,0.0,0.0,0.0,0.0
-1.75,12.875,61.75,0.0022,0.0022,-0.0022,0.19,-0.38,-9.91,0.0,0.0,0.0,0.0,0.0,0.0
-0.25,12.5625,61.75,0.0033,0.0011,-0.0011,0.15,-0.45,-9.97,0.0,0.0,0.0,0.0,0.0,0.0
0.375,12.875,62.1875,0.0,0.0022,-0.0044,0.12,-0.45,-10.01,0.0,0.0,0.0,0.0,0.0,0.0
-0.25,13.25,62.5625,0.0033,0.0,-0.0011,0.13,-0.44,-9.92,0.0,0.0,0.0,0.0,0.0,0.0
0.75,12.5625,62.5625,-0.0011,-0.0011,-0.0011,0.16,-0.42,-9.88,0.0,0.0,0.0,0.0,0.0,0.0
0.375,12.1875,61.375,0.0,0.0011,-0.0056,0.17,-0.45,-9.97,0.0,0.0,0.0,0.0,0.0,0.0
0.0,13.25,61.75,0.0022,-0.0011,-0.0033,0.16,-0.42,-9.97,0.0,0.0,0.0,0.0,0.0,0.0
-0.25,11.75,62.1875,0.0033,0.0,-0.0022,0.15,-0.45,-9.92,0.0,0.0,0.0,0.0,0.0,0.0
0.375,13.25,61.0,0.0022,-0.0022,0.0,0.12,-0.45,-9.93,0.0,0.0,0.0,0.0,0.0,0.0
-1.375,12.5625,62.5625,-0.0011,0.0011,0.0011,0.14,-0.42,-9.86,0.0,0.0,0.0,0.0,0.0,0.0
-0.25,12.5625,61.75,0.0,0.0033,0.0,0.07,-0.4,-10.15,0.0,0.0,0.0,0.0,0.0,0.0
-0.6875,13.25,61.75,0.0022,0.0011,-0.0011,0.16,-0.41,-9.85,0.0,0.0,0.0,0.0,0.0,0.0
-0.25,12.5625,61.375,0.0011,0.0011,-0.0022,0.09,-0.36,-10.16,0.0,0.0,0.0,0.0,0.0,0.0
0.375,13.25,61.375,0.0022,-0.0011,-0.0022,0.13,-0.43,-9.86,0.0,0.0,0.0,0.0,0.0,0.0
0.375,12.5625,61.75,0.0011,0.0033,0.0,0.15,-0.44,-9.98,0.0,0.0,0.0,0.0,0.0,0.0
-1.375,14.375,62.5625,0.0,0.0022,-0.0033,0.16,-0.45,-9.92,0.0,0.0,0.0,0.0,0.0,0.0
-0.6875,13.6875,62.25,0.0033,-0.0022,-0.0011,0.14,-0.45,-9.99,0.0,0.0,0.0,0.0,0.0,0.0
0.0,12.875,61.75,-0.0011,0.0,-0.0011,0.14,-0.44,-10.01,0.0,0.0,0.0,0.0,0.0,0.0
0.0,13.25,61.0,0.0011,-0.0011,-0.0011,0.14,-0.42,-9.96,0.0,0.0,0.0,0.0,0.0,0.0
0.0,13.25,62.25,0.0011,0.0011,-0.0011,0.14,-0.42,-9.97,0.0,0.0,0.0,0.0,0.0,0.0
0.0,14.0625,61.75,0.0044,0.0,-0.0044,0.14,-0.41,-9.88,0.0,0.0,0.0,0.0,0.0,0.0
-1.0625,12.875,61.75,0.0022,0.0011,-0.0056,0.15,-0.44,-9.95,0.0,0.0,0.0,0.0,0.0,0.0
0.0,12.875,61.375,0.0033,0.0056,-0.0011,0.15,-0.44,-9.93,0.0,0.0,0.0,0.0,0.0,0.0
-0.6875,12.875,61.375,0.0011,0.0,-0.0022,0.15,-0.42,-9.95,0.0,0.0,0.0,0.0,0.0,0.0
-1.375,12.875,62.1875,0.0022,0.0044,-0.0011,0.14,-0.44,-10.0,0.0,0.0,0.0,0.0,0.0,0.0
-0.25,13.6875,61.375,0.0,0.0011,0.0,0.14,-0.43,-9.89,0.0,0.0,0.0,0.0,0.0,0.0
-0.6875,13.25,60.5625,0.0011,-0.0011,-0.0033,0.14,-0.47,-9.95,0.0,0.0,0.0,0.0,0.0,0.0
0.0,13.25,61.375,0.0,0.0011,-0.0011,0.15,-0.43,-9.98,0.0,0.0,0.0,0.0,0.0,0.0
0.0,13.6875,62.25,0.0011,0.0,0.0,0.08,-0.37,-10.12,0.0,0.0,0.0,0.0,0.0,0.0
-1.0625,12.875,61.375,0.0011,0.0044,-0.0011,0.13,-0.42,-9.96,0.0,0.0,0.0,0.0,0.0,0.0
-1.75,13.25,62.1875,0.0011,0.0,-0.0011,0.14,-0.45,-9.99,0.0,0.0,0.0,0.0,0.0,0.0
1.0625,12.875,61.0,0.0022,0.0,-0.0056,0.15,-0.44,-10.0,0.0,0.0,0.0,0.0,0.0,0.0
0.75,15.1875,64.25,0.0,-0.0011,-0.0022,0.11,-0.42,-10.01,0.0,0.0,0.0,0.0,0.0,0.0
0.0,13.6875,61.375,-0.0011,0.0033,-0.0011,0.15,-0.41,-9.95,0.0,0.0,0.0,0.0,0.0,0.0
0.0,12.875,62.5625,-0.0011,0.0011,0.0,0.15,-1.72,-9.89,0.0,0.0,0.0,0.0,0.0,0.0
-0.25,12.875,62.1875,0.0022,0.0022,0.0011,0.13,-0.45,-9.95,0.0,0.0,0.0,0.0,0.0,0.0
0.375,13.25,62.1875,-0.0011,0.0022,0.0011,0.14,-0.44,-10.02,0.0,0.0,0.0,0.0,0.0,0.0
0.375,12.1875,61.0625,0.0022,0.0022,0.0,0.15,-0.41,-9.93,0.0,0.0,0.0,0.0,0.0,0.0
-2.1875,12.5625,60.5625,0.0011,-0.0033,-0.0033,0.15,-0.42,-9.89,0.0,0.0,0.0,0.0,0.0,0.0
-0.6875,12.5625,61.75,0.0011,0.0,-0.0033,0.15,-0.43,-9.97,0.0,0.0,0.0,0.0,0.0,0.0
-0.25,13.6875,60.25,0.0,0.0022,0.0022,0.13,-0.45,-10.02,0.0,0.0,0.0,0.0,0.0,0.0
0.75,13.25,61.375,0.0011,-0.0011,0.0,0.13,-0.44,-9.96,0.0,0.0,0.0,0.0,0.0,0.0
-0.25,-2035.125,61.75,0.0033,0.0011,-0.0011,0.14,-0.45,-9.98,0.0,0.0,0.0,0.0,0.0,0.0
-1.375,13.6875,62.25,-0.0011,0.0011,-0.0033,0.18,-0.33,-9.9,0.0,0.0,0.0,0.0,0.0,0.0
0.375,13.25,61.375,0.0022,0.0011,0.0,0.17,-0.59,-9.89,0.0,0.0,0.0,0.0,0.0,0.0
0.0,12.5625,62.1875,0.0,-0.0011,-0.0022,0.14,-0.42,-8.69,0.0,0.0,0.0,0.0,0.0,0.0
0.375,12.5625,62.25,0.0022,0.0011,-0.0022,0.12,-0.44,-9.84,0.0,0.0,0.0,0.0,0.0,0.0
-1.375,12.875,61.375,0.0,0.0022,0.0,0.17,-0.44,-9.98,0.0,0.0,0.0,0.0,0.0,0.0
0.375,12.875,62.5625,0.0,-0.0022,-0.0044,0.16,-0.43,-10.06,0.0,0.0,0.0,0.0,0.0,0.0
0.0,12.5625,62.1875,0.0033,0.0,-0.0011,0.14,-0.45,-9.97,0.0,0.0,0.0,0.0,0.0,0.0
-0.6875,12.875,62.1875,0.0022,0.0044,-0.0033,0.14,-0.45,-9.97,0.0,0.0,0.0,0.0,0.0,0.0
0.0,12.5625,61.375,0.0011,-0.0011,0.0011,0.13,-0.42,-9.96,0.0,0.0,0.0,0.0,0.0,0.0
0.0,12.1875,62.5625,0.0011,0.0,-0.0011,0.15,-0.44,-10.05,0.0,0.0,0.0,0.0,0.0,0.0
0.75,13.25,62.5625,0.0033,-0.0011,-0.0011,0.14,-0.43,-9.88,0.0,0.0,0.0,0.0,0.0,0.0
-1.375,12.875,61.75,0.0011,-0.0022,0.0011,0.13,-0.42,-10.22,0.0,0.0,0.0,0.0,0.0,0.0
-1.375,12.5625,61.75,0.0011,-0.0022,0.0,0.14,-0.45,-9.96,0.0,0.0,0.0,0.0,0.0,0.0
0.375,12.5625,61.0625,0.0,0.0,-0.0011,0.14,-0.43,-9.93,0.0,0.0,0.0,0.0,0.0,0.0
-1.0625,12.875,62.5625,0.0,0.0044,0.0011,0.16,-0.43,-9.89,0.0,0.0,0.0,0.0,0.0,0.0
-0.25,12.5625,61.375,0.0011,-0.0011,-0.0011,0.17,-0.41,-9.97,0.0,0.0,0.0,0.0,0.0,0.0
0.375,12.1875,63.0,0.0022,0.0011,-0.0044,0.14,-0.43,-9.92,0.0,0.0,0.0,0.0,0.0,0.0
-0.25,12.875,61.0,0.0,-0.0033,-0.0011,0.13,-0.38,-9.93,0.0,0.0,0.0,0.0,0.0,0.0
-0.25,12.875,61.0,0.0033,0.0,-0.0022,0.12,-0.45,-10.0,0.0,0.0,0.0,0.0,0.0,0.0
0.0,12.875,62.25,-0.0011,0.0,-0.0044,0.16,-0.42,-9.98,0.0,0.0,0.0,0.0,0.0,0.0
0.0,13.6875,61.375,0.0,0.0,-0.0022,0.12,-0.43,-9.94,0.0,0.0,0.0,0.0,0.0,0.0
-0.25,13.25,62.25,0.0022,0.0011,-0.0033,0.15,-0.42,-9.93,0.0,0.0,0.0,0.0,0.0,0.0
-0.25,12.5625,61.75,0.0,0.0033,-0.0044,0.14,-0.44,-9.96,0.0,0.0,0.0,0.0,0.0,0.0
0.0,12.5625,61.0625,0.0,-0.0022,-0.0011,0.16,-0.39,-9.99,0.0,0.0,0.0,0.0,0.0,0.0
-1.375,13.6875,62.25,0.0011,0.0011,-0.0011,0.13,-0.45,-9.89,0.0,0.0,0.0,0.0,0.0,0.0
-0.6875,13.25,62.1875,0.0011,0.0,0.0,0.16,-0.42,-9.99,0.0,0.0,0.0,0.0,0.0,0.0
-0.25,12.875,61.0625,0.0011,0.0022,-0.0011,0.13,-0.43,-9.9,0.0,0.0,0.0,0.0,0.0,0.0
0.0,13.25,61.0,0.0011,0.0,-0.0011,0.1,-0.43,-9.88,0.0,0.0,0.0,0.0,0.0,0.0
-0.6875,13.25,62.1875,0.0,0.0022,-0.0011,0.15,-0.43,-10.0,0.0,0.0,0.0,0.0,0.0,0.0
0.375,12.875,62.1875,0.0022,0.0,-0.0033,0.2,-0.44,-10.0,0.0,0.0,0.0,0.0,0.0,0.0
-0.6875,13.25,62.25,0.0011,0.0022,-0.0033,0.14,-0.45,-9.95,0.0,0.0,0.0,0.0,0.0,0.0
0.0,13.25,62.1875,0.0011,0.0,0.0,0.14,-0.45,-10.0,0.0,0.0,0.0,0.0,0.0,0.0
-1.0625,12.875,62.5625,0.0022,-0.0022,-0.0033,0.14,-0.41,-9.88,0.0,0.0,0.0,0.0,0.0,0.0
-0.6875,13.25,60.5625,0.0022,-0.0022,-0.0011,0.15,-0.44,-9.94,0.0,0.0,0.0,0.0,0.0,0.0
-1.0625,13.6875,63.0,0.0022,-0.0011,-0.0033,0.17,-0.44,-9.89,0.0,0.0,0.0,0.0,0.0,0.0
-0.6875,12.1875,61.75,0.0,0.0011,-0.0011,0.12,-0.45,-10.0,0.0,0.0,0.0,0.0,0.0,0.0
-0.25,12.1875,61.375,0.0011,-0.0011,-0.0022,0.14,-0.42,-9.81,0.0,0.0,0.0,0.0,0.0,0.0
-1.0625,12.5625,63.0,0.0,0.0022,0.0011,0.15,-0.42,-9.89,0.0,0.0,0.0,0.0,0.0,0.0
-0.25,13.25,60.5625,0.0011,0.0022,-0.0033,0.13,-0.4,-9.91,0.0,0.0,0.0,0.0,0.0,0.0
0.75,14.0625,62.25,-0.0011,0.0011,0.0,0.15,-0.41,-9.94,0.0,0.0,0.0,0.0,0.0,0.0
-0.25,12.875,62.25,0.0011,-0.0011,0.0,0.15,-0.43,-10.0,0.0,0.0,0.0,0.0,0.0,0.0
0.0,12.5625,62.5625,-0.0011,0.0011,-0.0033,0.16,-0.48,-9.9,0.0,0.0,0.0,0.0,0.0,0.0
-0.6875,12.5625,62.5625,0.0,0.0,0.0,0.12,-0.44,-9.93,0.0,0.0,0.0,0.0,0.0,0.0
0.0,13.25,61.75,0.0011,0.0011,0.0,0.14,-0.42,-10.02,0.0,0.0,0.0,0.0,0.0,0.0
0.375,12.5625,63.0,0.0011,-0.0011,-0.0022,0.14,-0.42,-9.95,0.0,0.0,0.0,0.0,0.0,0.0
-1.0625,13.25,61.0625,0.0011,-0.0011,-0.0033,0.13,-0.43,-9.91,0.0,0.0,0.0,0.0,0.0,0.0
-0.25,13.25,62.5625,0.0011,0.0022,-0.0044,0.15,-0.41,-9.96,0.0,0.0,0.0,0.0,0.0,0.0
0.375,12.5625,61.75,0.0033,0.0,0.0,0.14,-0.42,-9.89,0.0,0.0,0.0,0.0,0.0,0.0
-0.6875,13.6875,62.5625,0.0011,0.0011,-0.0011,0.13,-0.42,-9.87,0.0,0.0,0.0,0.0,0.0,0.0
-1.0625,12.875,61.75,0.0022,0.0011,0.0,0.16,-0.47,-9.99,0.0,0.0,0.0,0.0,0.0,0.0
0.75,12.5625,61.375,0.0,0.0022,-0.0022,0.14,-0.39,-9.93,0.0,0.0,0.0,0.0,0.0,0.0
-0.6875,12.5625,62.5625,-0.0011,0.0022,0.0056,0.14,-0.44,-9.99,0.0,0.0,0.0,0.0,0.0,0.0
-1.375,12.875,61.375,-0.0011,0.0,-0.0022,0.15,-0.42,-9.97,0.0,0.0,0.0,0.0,0.0,0.0
0.375,12.5625,61.75,0.0011,0.0011,0.0,0.1,-0.45,-10.0,0.0,0.0,0.0,0.0,0.0,0.0
0.375,12.875,61.75,0.0022,-0.0011,-0.0044,0.15,-0.44,-9.88,0.0,0.0,0.0,0.0,0.0,0.0
-0.25,12.1875,62.25,0.0033,-0.0022,-0.0022,0.13,-0.43,-9.96,0.0,0.0,0.0,0.0,0.0,0.0
-0.6875,12.875,61.0,0.0011,0.0022,0.0,0.14,-0.44,-9.89,0.0,0.0,0.0,0.0,0.0,0.0
-0.6875,12.875,61.75,0.0022,0.0,-0.0044,0.15,-0.42,-9.97,0.0,0.0,0.0,0.0,0.0,0.0
0.75,14.0625,61.0625,0.0022,0.0011,0.0011,0.14,-0.42,-10.02,0.0,0.0,0.0,0.0,0.0,0.0
0.0,12.875,61.75,-0.0011,0.0,-0.0022,0.15,-0.45,-10.03,0.0,0.0,0.0,0.0,0.0,0.0
-0.25,12.1875,61.75,0.0022,0.0011,0.0,0.13,-0.45,-10.01,0.0,0.0,0.0,0.0,0.0,0.0
-0.25,12.875,61.75,0.0022,0.0,-0.0022,0.1,-0.36,-10.71,0.0,0.0,0.0,0.0,0.0,0.0
-0.25,13.25,61.375,0.0033,-0.0011,-0.0022,0.16,-0.46,-9.96,0.0,0.0,0.0,0.0,0.0,0.0
-0.25,12.5625,62.5625,0.0022,0.0011,-0.0011,0.17,-0.42,-10.02,0.0,0.0,0.0,0.0,0.0,0.0
0.375,12.875,63.0,0.0011,0.0,-0.0044,0.12,-0.45,-10.0,0.0,0.0,0.0,0.0,0.0,0.0
0.0,12.1875,61.75,0.0,0.0022,-0.0022,0.13,-0.43,-9.86,0.0,0.0,0.0,0.0,0.0,0.0
-0.25,13.25,61.375,-0.0011,0.0,-0.0011,0.16,-0.42,-9.96,0.0,0.0,0.0,0.0,0.0,0.0
0.0,13.25,62.5625,0.0033,0.0022,-0.0011,0.13,-0.41,-9.97,0.0,0.0,0.0,0.0,0.0,0.0
-0.6875,13.25,61.75,0.0011,0.0,-0.0011,0.11,-0.42,-9.94,0.0,0.0,0.0,0.0,0.0,0.0
-0.25,13.25,62.25,0.0011,0.0022,-0.0044,0.13,-0.45,-9.94,0.0,0.0,0.0,0.0,0.0,0.0
1.5,14.0625,61.375,0.0,-0.0011,-0.0044,0.11,-0.43,-9.89,0.0,0.0,0.0,0.0,0.0,0.0
-0.6875,13.6875,62.25,-0.0022,-0.0022,0.0033,0.11,-0.41,-9.99,0.0,0.0,0.0,0.0,0.0,0.0
-0.25,12.5625,61.0625,0.0011,0.0011,-0.0033,0.18,-0.45,-10.06,0.0,0.0,0.0,0.0,0.0,0.0
0.0,13.25,62.25,0.0033,0.0,-0.0011,0.15,-0.45,-9.98,0.0,0.0,0.0,0.0,0.0,0.0
-0.6875,12.875,61.375,0.0,0.0,-0.0056,0.15,-0.43,-9.91,0.0,0.0,0.0,0.0,0.0,0.0
-0.25,12.1875,60.25,0.0,0.0022,-0.0011,0.15,-0.45,-9.95,0.0,0.0,0.0,0.0,0.0,0.0
-0.25,12.875,61.375,0.0011,-0.0011,0.0011,0.15,-0.44,-10.01,0.0,0.0,0.0,0.0,0.0,0.0
0.75,13.25,61.75,0.0033,0.0,0.0,0.12,-0.42,-9.9,0.0,0.0,0.0,0.0,0.0,0.0
-0.25,13.6875,61.75,0.0011,0.0,-0.0044,0.13,-0.43,-9.88,0.0,0.0,0.0,0.0,0.0,0.0
0.375,13.25,62.5625,0.0011,0.0011,-0.0011,0.12,-0.45,-9.9,0.0,0.0,0.0,0.0,0.0,0.0
-1.0625,12.1875,61.0625,0.0011,-0.0011,-0.0033,0.13,-0.45,-9.92,0.0,0.0,0.0,0.0,0.0,0.0
-0.6875,12.5625,62.5625,0.0,-0.0022,0.0,0.13,-0.43,-9.87,0.0,0.0,0.0,0.0,0.0,0.0
-0.6875,12.875,61.75,0.0,0.0,-0.0022,0.15,-0.45,-9.97,0.0,0.0,0.0,0.0,0.0,0.0
0.75,12.5625,61.75,-0.0011,-0.0011,0.0022,0.15,-0.44,-9.96,0.0,0.0,0.0,0.0,0.0,0.0
0.375,12.5625,61.0625,0.0022,-0.0022,-0.0033,0.13,-0.43,-9.94,0.0,0.0,0.0,0.0,0.0,0.0
0.375,13.25,63.375,0.0022,0.0,-0.0056,0.15,-0.49,-10.0,0.0,0.0,0.0,0.0,0.0,0.0
-0.25,12.1875,61.75,0.0022,0.0,-0.0022,0.11,-0.47,-9.93,0.0,0.0,0.0,0.0,0.0,0.0
-0.6875,12.875,62.25,0.0022,-0.0033,0.0,0.17,-0.39,-10.04,0.0,0.0,0.0,0.0,0.0,0.0
-1.0625,13.6875,62.25,0.0011,0.0011,-0.0033,0.15,-0.43,-9.93,0.0,0.0,0.0,0.0,0.0,0.0
1.0625,12.875,61.75,-0.0011,-0.0011,-0.0044,0.14,-0.45,-9.93,0.0,0.0,0.0,0.0,0.0,0.0
-0.25,12.875,61.75,-0.0022,-0.0011,-0.0011,0.16,-0.45,-10.02,0.0,0.0,0.0,0.0,0.0,0.0
0.375,12.875,62.5625,0.0,0.0011,0.0011,0.15,-0.45,-9.98,0.0,0.0,0.0,0.0,0.0,0.0
-0.6875,12.1875,62.25,-0.0011,0.0011,0.0033,0.14,-0.42,-10.01,0.0,0.0,0.0,0.0,0.0,0.0
-1.375,12.1875,61.75,0.0,0.0033,0.0,0.09,-0.38,-10.05,0.0,0.0,0.0,0.0,0.0,0.0
1.5,12.5625,62.1875,0.0,-0.0033,0.0011,0.16,-0.43,-9.92,0.0,0.0,0.0,0.0,0.0,0.0
0.75,12.875,61.75,0.0022,0.0,-0.0033,0.08,-0.39,-9.94,0.0,0.0,0.0,0.0,0.0,0.0
-1.0625,12.5625,61.375,0.0033,0.0022,0.0,0.16,-0.45,-9.99,0.0,0.0,0.0,0.0,0.0,0.0
-0.6875,12.5625,61.75,0.0,-0.0022,-0.0011,0.14,-0.44,-9.89,0.0,0.0,0.0,0.0,0.0,0.0
0.0,12.5625,62.25,0.0011,0.0011,-0.0011,0.14,-0.42,-10.02,0.0,0.0,0.0,0.0,0.0,0.0
-0.6875,12.5625,60.5625,0.0011,0.0033,-0.0022,0.11,-0.43,-10.0,0.0,0.0,0.0,0.0,0.0,0.0
-1.0625,12.875,61.375,0.0022,0.0,-0.0022,0.15,-0.43,-9.88,0.0,0.0,0.0,0.0,0.0,0.0
-0.25,13.25,61.375,0.0022,0.0022,-0.0011,0.13,-0.44,-9.96,0.0,0.0,0.0,0.0,0.0,0.0
-0.25,11.75,61.375,0.0011,-0.0022,-0.0022,0.15,-0.45,-9.87,0.0,0.0,0.0,0.0,0.0,0.0
-0.25,12.875,61.875,0.0033,0.0,-0.0011,0.16,-0.42,-9.88,0.0,0.0,0.0,0.0,0.0,0.0
0.0,13.6875,61.75,0.0044,0.0022,-0.0011,0.13,-0.45,-9.91,0.0,0.0,0.0,0.0,0.0,0.0
-0.25,12.875,62.25,0.0011,-0.0022,-0.0044,0.13,-0.44,-9.92,0.0,0.0,0.0,0.0,0.0,0.0
0.0,12.875,62.5625,0.0022,0.0022,-0.0044,0.16,-0.42,-9.89,0.0,0.0,0.0,0.0,0.0,0.0
0.75,12.875,62.25,0.0,0.0,-0.0011,0.15,-0.45,-9.89,0.0,0.0,0.0,0.0,0.0,0.0
0.75,12.5625,63.0625,0.0044,0.0011,-0.0011,0.16,-0.41,-9.89,0.0,0.0,0.0,0.0,0.0,0.0
-0.25,12.875,62.5625,0.0022,-0.0022,-0.0011,0.13,-0.41,-9.92,0.0,0.0,0.0,0.0,0.0,0.0
-0.6875,12.875,62.5625,0.0022,0.0022,-0.0011,0.09,-0.39,-10.11,0.0,0.0,0.0,0.0,0.0,0.0
0.0,12.1875,61.875,0.0011,0.0,-0.0011,0.17,-0.41,-9.98,0.0,0.0,0.0,0.0,0.0,0.0
0.0,12.875,61.875,0.0011,0.0,-0.0011,0.15,-0.41,-9.86,0.0,0.0,0.0,0.0,0.0,0.0
0.375,12.5625,61.75,0.0022,0.0011,0.0,0.17,-0.42,-9.88,0.0,0.0,0.0,0.0,0.0,0.0
-0.25,12.1875,61.875,0.0011,0.0011,-0.0022,0.15,-0.42,-9.97,0.0,0.0,0.0,0.0,0.0,0.0
-0.6875,12.875,61.375,0.0056,0.0022,0.0011,0.14,-0.43,-9.99,0.0,0.0,0.0,0.0,0.0,0.0
-0.6875,12.875,62.5625,0.0,0.0022,0.0,0.13,-0.43,-9.98,0.0,0.0,0.0,0.0,0.0,0.0
-2.1875,13.25,61.375,0.0022,0.0011,-0.0033,0.17,-0.44,-9.94,0.0,0.0,0.0,0.0,0.0,0.0
-1.75,13.25,62.5625,-0.0022,0.0033,0.0022,0.14,-0.43,-9.92,0.0,0.0,0.0,0.0,0.0,0.0
-0.6875,12.875,61.375,0.0,-0.0011,-0.0022,0.14,-0.44,-9.98,0.0,0.0,0.0,0.0,0.0,0.0
-0.25,12.875,61.375,0.0033,0.0022,0.0,0.15,-0.42,-10.01,0.0,0.0,0.0,0.0,0.0,0.0
-0.25,12.875,61.375,0.0011,0.0022,-0.0033,0.1,-0.35,-10.13,0.0,0.0,0.0,0.0,0.0,0.0
-0.6875,12.5625,62.5625,0.0011,-0.0022,-0.0022,0.14,-0.43,-9.92,0.0,0.0,0.0,0.0,0.0,0.0
-1.375,12.875,62.25,0.0022,0.0011,-0.0011,0.15,-0.43,-9.94,0.0,0.0,0.0,0.0,0.0,0.0
0.75,12.5625,63.375,0.0022,-0.0011,-0.0044,0.14,-0.44,-10.01,0.0,0.0,0.0,0.0,0.0,0.0
-0.6875,13.6875,61.75,0.0,0.0,-0.0011,0.15,-0.45,-9.93,0.0,0.0,0.0,0.0,0.0,0.0
-0.6875,12.875,62.25,-0.0022,-0.0022,0.0,0.13,-0.45,-9.99,0.0,0.0,0.0,0.0,0.0,0.0
-0.6875,12.875,60.6875,-0.0022,-0.0011,0.0033,0.12,-0.41,-9.88,0.0,0.0,0.0,0.0,0.0,0.0
-0.6875,13.25,60.6875,0.0011,0.0022,0.0011,0.15,-0.45,-9.96,0.0,0.0,0.0,0.0,0.0,0.0
0.375,13.6875,61.875,0.0,0.0,-0.0044,0.12,-0.41,-10.24,0.0,0.0,0.0,0.0,0.0,0.0
-0.6875,12.875,62.5625,0.0011,-0.0011,-0.0011,0.13,-0.45,-10.76,0.0,0.0,0.0,0.0,0.0,0.0
-1.0625,13.6875,61.375,0.0,0.0011,-0.0022,0.15,-0.42,-10.77,0.0,0.0,0.0,0.0,0.0,0.0
0.0,13.25,61.375,0.0,0.0,0.0,0.07,-0.37,-10.11,0.0,0.0,0.0,0.0,0.0,0.0
0.0,12.875,61.375,0.0011,0.0011,-0.0022,0.13,-0.45,-9.92,0.0,0.0,0.0,0.0,0.0,0.0
-0.25,13.25,62.5625,0.0011,-0.0022,-0.0011,0.19,-0.41,-9.98,0.0,0.0,0.0,0.0,0.0,0.0
-0.25,12.5625,61.875,-0.0011,0.0033,-0.0022,0.1,-0.39,-10.64,0.0,0.0,0.0,0.0,0.0,0.0
0.375,12.875,62.5625,0.0,-0.0022,-0.0033,0.1,-0.41,-10.69,0.0,0.0,0.0,0.0,0.0,0.0
0.0,12.875,61.0625,0.0022,0.0,-0.0022,0.11,-0.38,-10.32,0.0,0.0,0.0,0.0,0.0,0.0
0.375,13.25,63.0625,0.0022,-0.0011,-0.0011,0.07,-1.68,-10.72,0.0,0.0,0.0,0.0,0.0,0.0
0.0,12.875,61.0625,0.0011,0.0011,0.0,0.12,-0.44,-9.85,0.0,0.0,0.0,0.0,0.0,0.0
-1.0625,12.5625,61.375,0.0,0.0044,-0.0011,0.13,-0.44,-9.98,0.0,0.0,0.0,0.0,0.0,0.0
0.375,12.875,62.25,0.0,0.0,0.0022,0.12,-0.45,-9.97,0.0,0.0,0.0,0.0,0.0,0.0
-1.75,13.25,61.875,0.0044,-0.0033,-0.0011,0.27,-0.47,-9.99,0.0,0.0,0.0,0.0,0.0,0.0
1.0625,13.25,62.5625,-0.0011,0.0022,-0.0011,0.1,-0.36,-9.73,0.0,0.0,0.0,0.0,0.0,0.0
0.375,12.875,61.375,0.0,-0.0022,-0.0022,0.21,-0.38,-9.95,0.0,0.0,0.0,0.0,0.0,0.0
0.375,13.6875,61.875,-0.0022,0.0,-0.0033,0.18,-0.44,-9.95,0.0,0.0,0.0,0.0,0.0,0.0
0.375,12.1875,60.6875,-0.0011,-0.0011,-0.0033,0.14,-0.43,-9.9,0.0,0.0,0.0,0.0,0.0,0.0
-1.0625,12.875,61.375,0.0022,0.0033,-0.0022,0.13,-0.44,-9.99,0.0,0.0,0.0,0.0,0.0,0.0
0.0,12.875,61.0625,0.0,0.0011,0.0,0.11,-0.42,-9.97,0.0,0.0,0.0,0.0,0.0,0.0
0.75,12.875,61.875,0.0011,0.0022,0.0,0.15,-0.42,-9.95,0.0,0.0,0.0,0.0,0.0,0.0
0.375,13.25,62.25,0.0,-0.0022,-0.0022,0.14,-0.43,-10.0,0.0,0.0,0.0,0.0,0.0,0.0
-0.6875,12.875,62.25,-0.0011,0.0022,-0.0022,0.1,-0.41,-10.34,0.0,0.0,0.0,0.0,0.0,0.0
0.0,12.875,61.375,0.0022,0.0,-0.0011,0.16,-0.42,-10.06,0.0,0.0,0.0,0.0,0.0,0.0
1.0625,13.6875,62.5625,-0.0011,0.0033,-0.0011,0.14,-0.44,-10.04,0.0,0.0,0.0,0.0,0.0,0.0
0.0,14.0625,63.0625,0.0,0.0011,-0.0033,0.16,-0.42,-9.97,0.0,0.0,0.0,0.0,0.0,0.0
0.0,12.875,61.375,0.0,0.0,0.0,0.1,-0.37,-10.07,0.0,0.0,0.0,0.0,0.0,0.0
0.75,11.75,62.25,0.0,0.0022,-0.0022,0.14,-0.43,-9.93,0.0,0.0,0.0,0.0,0.0,0.0
-0.6875,12.5625,61.375,0.0011,0.0022,-0.0033,0.14,-0.42,-10.02,0.0,0.0,0.0,0.0,0.0,0.0
0.75,12.5625,61.375,-0.0022,-0.0022,0.0011,0.16,-0.43,-9.97,0.0,0.0,0.0,0.0,0.0,0.0
-0.25,12.875,61.875,0.0033,0.0,-0.0011,0.1,-0.37,-10.1,0.0,0.0,0.0,0.0,0.0,0.0
0.0,12.1875,61.0625,-0.0011,0.0,0.0011,0.17,-0.42,-9.88,0.0,0.0,0.0,0.0,0.0,0.0
-1.0625,12.875,61.375,0.0022,0.0022,-0.0011,0.1,-0.49,-10.08,0.0,0.0,0.0,0.0,0.0,0.0
-0.6875,12.5625,61.375,-0.0011,0.0022,0.0,0.1,-0.36,-9.81,0.0,0.0,0.0,0.0,0.0,0.0
-1.0625,13.25,62.25,0.0011,0.0,0.0011,0.13,-0.42,-9.87,0.0,0.0,0.0,0.0,0.0,0.0
-1.75,12.875,62.25,-0.0011,0.0,0.0011,0.15,-0.44,-9.99,0.0,0.0,0.0,0.0,0.0,0.0
-0.6875,14.0625,62.25,0.0011,0.0011,0.0,0.07,-0.34,-10.15,0.0,0.0,0.0,0.0,0.0,0.0
0.375,12.5625,61.875,0.0022,0.0011,-0.0011,0.14,-0.39,-9.88,0.0,0.0,0.0,0.0,0.0,0.0
0.375,12.1875,62.25,0.0,0.0011,-0.0022,0.21,-0.42,-9.93,0.0,0.0,0.0,0.0,0.0,0.0
-1.0625,12.875,61.375,-0.0011,0.0044,0.0033,0.08,-0.36,-10.11,0.0,0.0,0.0,0.0,0.0,0.0
0.375,12.1875,61.0625,0.0011,0.0033,0.0,0.16,-0.44,-10.03,0.0,0.0,0.0,0.0,0.0,0.0
-1.75,13.6875,62.25,0.0033,0.0011,0.0011,0.16,-0.44,-10.0,0.0,0.0,0.0,0.0,0.0,0.0
-1.0625,12.875,61.375,0.0022,0.0011,-0.0022,0.15,-0.43,-10.07,0.0,0.0,0.0,0.0,0.0,0.0
-0.6875,12.5625,61.875,0.0022,0.0011,-0.0033,0.14,-0.42,-9.83,0.0,0.0,0.0,0.0,0.0,0.0
-1.0625,12.5625,62.25,0.0011,0.0,-0.0011,0.17,-0.43,-10.02,0.0,0.0,0.0,0.0,0.0,0.0
0.75,12.1875,61.5,0.0011,0.0022,0.0,0.14,-0.44,-9.97,0.0,0.0,0.0,0.0,0.0,0.0
-0.25,12.5625,61.0625,0.0033,-0.0022,-0.0011,0.09,-0.39,-10.32,0.0,0.0,0.0,0.0,0.0,0.0
0.75,12.875,61.5,0.0022,0.0,-0.0044,0.13,-0.41,-10.45,0.0,0.0,0.0,0.0,0.0,0.0
-1.375,12.875,61.5,0.0,-0.0022,-0.0022,0.08,-0.39,-10.71,0.0,0.0,0.0,0.0,0.0,0.0
-0.6875,13.25,61.5,0.0022,0.0022,-0.0033,0.14,-0.44,-9.93,0.0,0.0,0.0,0.0,0.0,0.0
-1.375,12.875,61.875,0.0022,-0.0033,0.0011,0.15,-0.42,-9.99,0.0,0.0,0.0,0.0,0.0,0.0
-1.0625,12.5625,62.25,0.0022,0.0,0.0011,0.15,-0.43,-9.78,0.0,0.0,0.0,0.0,0.0,0.0
-0.25,13.6875,62.25,0.0011,0.0011,-0.0022,0.13,-0.44,-9.93,0.0,0.0,0.0,0.0,0.0,0.0
0.375,13.25,62.5625,0.0011,-0.0022,0.0,0.13,-0.41,-9.98,0.0,0.0,0.0,0.0,0.0,0.0
0.375,12.1875,61.875,0.0,0.0022,-0.0056,0.14,-0.43,-9.99,0.0,0.0,0.0,0.0,0.0,0.0
-0.25,12.5625,62.6875,0.0022,0.0011,-0.0011,0.12,-0.41,-10.61,0.0,0.0,0.0,0.0,0.0,0.0
0.0,13.25,61.875,0.0033,-0.0011,-0.0022,0.11,-0.38,-10.32,0.0,0.0,0.0,0.0,0.0,0.0
,0.0,0.0,0.00.00.0
,0.0,0.0,0.00.00.0
,0.0,0.0,0.00.00.0
,0.0,0.0,0.00.00.0
,0.0,0.0,0.00.00.0
,0.0,0.0,0.00.00.0
,0.0,0.0,0.00.00.0
,0.0,0.0,0.00.00.0
,0.0,0.0,0.00.00.0
,0.0,0.0,0.00.00.0
,0.0,0.0,0.00.00.0
,0.0,0.0,0.00.00.0
,0.0,0.0,0.00.00.0
,0.0,0.0,0.00.00.0
,0.0,0.0,0.00.00.0
,0.0,0.0,0.00.00.0
,0.0,0.0,0.00.00.0
,0.0,0.0,0.00.00.0
,0.0,0.0,0.00.00.0
,0.0,0.0,0.00.00.0
,0.0,0.0,0.00.00.0
,0.0,0.0,0.00.00.0
,0.0,0.0,0.00.00.0
,0.0,0.0,0.00.00.0
,0.0,0.0,0.00.00.0
,0.0,0.0,0.00.00.0
,0.0,0.0,0.00.00.0
,0.0,0.0,0.00.00.0
,0.0,0.0,0.00.00.0
,0.0,0.0,0.00.00.0
,0.0,0.0,0.00.00.0
,0.0,0.0,0.00.00.0
,0.0,0.0,0.00.00.0
,0.0,0.0,0.00.00.0
,0.0,0.0,0.00.00.0
,0.0,0.0,0.00.00.0
,0.0,0.0,0.00.00.0
,0.0,0.0,0.00.00.0
,0.0,0.0,0.00.00.0
,0.0,0.0,0.00.00.0
,0.0,0.0,0.00.00.0
,0.0,0.0,0.00.00.0
,0.0,0.0,0.00.00.0
,0.0,0.0,0.00.00.0
,0.0,0.0,0.00.00.0
,0.0,0.0,0.00.00.0
,0.0,0.0,0.00.00.0
,0.0,0.0,0.00.00.0
,0.0,0.0,0.00.00.0
,0.0,0.0,0.00.00.0
,0.0,0.0,0.00.00.0
,0.0,0.0,0.00.00.0
,0.0,0.0,0.00.00.0
,0.0,0.0,0.00.00.0
,0.0,0.0,0.00.00.0
,0.0,0.0,0.00.00.0
,0.0,0.0,0.00.00.0
,0.0,0.0,0.00.00.0
,0.0,0.0,0.00.00.0
,0.0,0.0,0.00.00.0
,0.0,0.0,0.00.00.0
,0.0,0.0,0.00.00.0
,0.0,0.0,0.00.00.0
,0.0,0.0,0.00.00.0
,0.0,0.0,0.00.00.0
,0.0,0.0,0.00.00.0
,0.0,0.0,0.00.00.0
,0.0,0.0,10.0
,0.0,0.0,10.0
,0.0,0.0,10.0
,0.0,0.0,10.0
,0.0,0.0,10.0
,0.0,0.0,10.0
,0.0,0.0,10.0
,0.0,0.0,10.0
,0.0,0.0,10.0
,0.0,0.0,10.0
,0.0,0.0,10.0
,0.0,0.0,10.0
,0.0,0.0,10.0
,0.0,0.0,10.0
,0.0,0.0,10.0
,0.0,0.0,10.0
,0.0,0.0,10.0
,0.0,0.0,10.0
,0.0,0.0,10.0
,0.0,0.0,10.0
,0.0,0.0,10.0
,0.0,0.0,10.0
,0.0,0.0,10.0
,0.0,0.0,10.0
,0.0,0.0,10.0
,0.0,0.0,10.0
,0.0,0.0,10.0
,0.0,0.0,10.0
,0.0,0.0,10.0
,0.0,0.0,10.0
,0.0,0.0,10.0
,0.0,0.0,10.0
,0.0,0.0,10.0
,0.0,0.0,10.0
,0.0,0.0,10.0
,0.0,0.0,10.0
,0.0,0.0,10.0
,0.0,0.0,10.0
,0.0,0.0,10.0
,0.0,0.0,10.0
,0.0,0.0,10.0
,0.0,0.0,10.0
,0.0,0.0,10.0
,0.0,0.0,10.0
,0.0,0.0,10.0
,0.0,0.0,10.0
,0.0,0.0,10.0
,0.0,0.0,10.0
,0.0,0.0,10.0
,0.0,0.0,10.0
,0.0,0.0,10.0
,0.0,0.0,10.0
,0.0,0.0,10.0
,0.0,0.0,10.0
,0.0,0.0,10.0
,0.0,0.0,10.0
,0.0,0.0,10.0
,0.0,0.0,10.0
,0.0,0.0,10.0
,0.0,0.0,10.0
,0.0,0.0,10.0
,0.0,0.0,10.0
,0.0,0.0,10.0
,0.0,0.0,10.0
,0.0,0.0,10.0
,0.0,0.0,10.0
,0.0,0.0,10.0
,0.0,0.0,10.0
,0.0,0.0,10.0
,0.0,0.0,10.0
,0.0,0.0,10.0
,0.0,0.0,10.0
,0.0,0.0,10.0
,0.0,0.0,10.0
,0.0,0.0,10.0
,0.0,0.0,10.0
,0.0,0.0,10.0
,0.0,0.0,10.0
,0.0,0.0,10.0
,0.0,0.0,10.0
,0.0,0.0,10.0
,0.0,0.0,10.0
,0.0,0.0,10.0
,0.0,0.0,10.0
,0.0,0.0,10.0
,0.0,0.0,10.0
,0.0,0.0,10.0
,0.0,0.0,10.0
,0.0,0.0,10.0
,0.0,0.0,10.0
,0.0,0.0,10.0
,0.0,0.0,10.0
,0.0,0.0,10.0
,0.0,0.0,10.0
,0.0,0.0,10.0
,0.0,0.0,10.0
,0.0,0.0,10.0
,0.0,0.0,10.0
,0.0,0.0,10.0
,0.0,0.0,10.0
,0.0,0.0,10.0
,0.0,0.0,10.0
,0.0,0.0,10.0
,0.0,0.0,10.0
,0.0,0.0,10.0
,0.0,0.0,10.0
,0.0,0.0,10.0
,0.0,0.0,10.0
,0.0,0.0,10.0
,0.0,0.0,10.0
,0.0,0.0,10.0
,0.0,0.0,10.0
,0.0,0.0,10.0
,0.0,0.0,10.0
,0.0,0.0,10.0
,0.0,0.0,10.0
,0.0,0.0,10.0
,0.0,0.0,10.0
,0.0,0.0,10.0
,0.0,0.0,10.0
,0.0,0.0,10.0
,0.0,0.0,10.0
,0.0,0.0,10.0
,0.0,0.0,10.0
,0.0,0.0,10.0
,0.0,0.0,10.0
,0.0,0.0,10.0
,0.0,0.0,10.0
,0.0,0.0,10.0
,0.0,0.0,10.0
,0.0,0.0,10.0
,0.0,0.0,10.0
,0.0,0.0,10.0
,0.0,0.0,10.0
,0.0,0.0,10.0
,0.0,0.0,10.0
,0.0,0.0,10.0
,0.0,0.0,10.0
,0.0,0.0,10.0
,0.0,0.0,10.0
,0.0,0.0,10.0
,0.0,0.0,10.0
,0.0,0.0,10.0
,0.0,0.0,10.0
,0.0,0.0,10.0
,0.0,0.0,10.0
,0.0,0.0,10.0
,0.0,0.0,10.0
,0.0,0.0,10.0
,0.0,0.0,10.0
,0.0,0.0,10.0
,0.0,0.0,10.0
,0.0,0.0,10.0
,0.0,0.0,10.0
,0.0,0.0,10.0
,0.0,0.0,10.0
,0.0,0.0,10.0
,0.0,0.0,10.0
,0.0,0.0,10.0
,0.0,0.0,10.0
,0.0,0.0,10.0
,0.0,0.0,10.0
,0.0,0.0,10.0
,0.0,0.0,10.0
,0.0,0.0,10.0
,0.0,0.0,10.0
,0.0,0.0,10.0
,0.0,0.0,10.0
,0.0,0.0,10.0
,0.0,0.0,10.0
,0.0,0.0,10.0
,0.0,0.0,10.0
,0.0,0.0,10.0
,0.0,0.0,10.0
,0.0,0.0,10.0
,0.0,0.0,10.0
,0.0,0.0,10.0
,0.0,0.0,10.0
,0.0,0.0,10.0
,0.0,0.0,10.0
,0.0,0.0,10.0
,0.0,0.0,10.0
,0.0,0.0,10.0
,0.0,0.0,10.0
,0.0,0.0,10.0
,0.0,0.0,10.0
